time,pressure
0.0,72.353896
24.0,76.999522
48.0,69.256813
72.0,60.9334
96.0,57.739532
120.0,60.643048
144.0,64.998322
168.0,68.19219
192.0,73.128167
216.0,75.354197
240.0,63.9337
264.0,58.417019
288.0,56.287774
312.0,54.836016
336.0,54.061745
360.0,54.545664
384.0,54.545664
408.0,51.061445
432.0,62.869077
456.0,99.356597
480.0,110.777094
504.0,76.031684
528.0,62.675509
552.0,56.481342
576.0,53.093906
600.0,51.738932
624.0,51.255012
648.0,51.351796
672.0,51.642148
696.0,51.738932
720.0,52.029283
744.080833,51.9325
744.304167,51.9325
744.498333,51.9325
744.949722,51.9325
745.260278,51.9325
745.481667,51.9325
745.786111,51.9325
746.083889,51.9325
746.315556,51.9325
746.507778,51.9325
746.994167,51.9325
747.315278,51.9325
747.588333,51.9325
747.799444,51.9325
747.981667,51.9325
748.286944,51.9325
748.523333,51.9325
748.727778,51.9325
748.939167,51.9325
749.258889,51.9325
749.504722,51.9325
749.7525,51.9325
749.988056,51.9325
750.298611,51.9325
750.516111,51.9325
750.95,51.9325
751.270556,51.9325
751.493056,51.9325
751.789722,51.9325
752.003056,51.9325
752.272222,51.9325
752.469444,51.9325
752.965833,51.9325
752.971944,51.9325
753.300556,51.9325
753.493056,51.9325
753.772222,51.9325
753.986667,51.9325
754.294167,51.9325
754.506944,51.9325
754.933056,51.9325
755.538056,51.9325
755.805833,51.9325
756.107222,51.9325
756.562778,51.9325
756.952778,51.9325
757.275,51.9325
757.489167,51.9325
757.803056,51.9325
758.067222,51.9325
758.2925,51.9325
758.511389,51.9325
759.138333,51.9325
759.338611,51.9325
759.620278,51.9325
759.814722,51.9325
760.061944,51.9325
760.298611,51.9325
760.494722,51.9325
760.990833,51.9325
761.331111,51.9325
761.576667,51.9325
761.782778,51.9325
761.989167,51.9325
762.303611,51.9325
762.508333,51.9325
762.935278,51.9325
763.2475,51.9325
763.493611,51.9325
763.781389,51.9325
764.065833,51.9325
764.1225,51.9325
764.286111,51.9325
764.496667,51.9325
764.96,51.9325
765.253889,51.9325
765.569167,51.9325
765.7725,52.900338
765.970278,51.9325
766.278611,51.9325
766.488333,51.9325
766.98,51.9325
767.315,51.9325
767.538056,51.9325
767.812222,51.9325
768.079167,51.9325
768.313889,51.9325
768.316389,51.9325
768.520833,51.9325
768.938889,51.9325
769.246667,51.9325
769.485,51.9325
769.778611,51.9325
769.994167,51.9325
770.2925,51.9325
770.488611,51.9325
770.959722,51.9325
771.285556,51.9325
771.513611,51.9325
771.782222,51.9325
771.978889,51.9325
772.291667,51.9325
772.507222,51.9325
772.968056,51.9325
773.280833,51.9325
773.488611,51.9325
773.786667,51.9325
773.987778,51.9325
774.285833,51.9325
774.501944,51.9325
774.956944,51.9325
775.2775,51.9325
775.468056,51.9325
775.794167,51.9325
775.996389,51.9325
776.291944,51.9325
776.505833,51.9325
776.971111,51.9325
777.289444,51.9325
777.508611,51.9325
777.784444,51.9325
778.000556,51.9325
778.280278,51.9325
778.51,51.9325
778.820833,51.9325
778.963056,52.900338
779.284167,51.9325
779.486389,51.9325
779.810278,51.9325
780.079167,51.9325
780.287222,51.9325
780.480556,51.9325
780.940556,51.9325
781.243333,51.9325
781.5225,51.9325
781.797778,51.9325
781.984167,51.9325
782.305833,51.9325
782.932222,51.9325
783.273611,51.9325
783.521667,51.9325
783.998056,51.9325
784.295833,51.9325
784.505278,51.9325
785.288889,51.9325
785.496667,51.9325
785.804444,51.9325
786.091111,51.9325
786.3025,51.9325
786.558889,51.9325
786.951944,51.9325
787.505278,51.9325
787.806667,51.9325
788.0675,51.9325
788.268611,51.9325
788.465278,51.9325
788.951389,51.9325
789.261389,51.9325
789.496389,51.9325
789.808056,51.9325
790.080556,51.9325
790.299444,51.9325
790.484722,51.9325
791.001667,51.9325
791.3275,51.9325
791.584444,51.9325
791.771667,51.9325
792.087222,51.9325
792.326667,51.9325
792.516389,51.9325
792.961389,51.9325
793.292778,51.9325
793.577222,51.9325
793.688056,51.9325
793.7875,51.9325
793.987778,51.9325
794.284722,51.9325
794.508889,51.9325
794.94,51.9325
795.273611,51.9325
795.518056,51.9325
795.781389,51.9325
795.983056,51.9325
796.271667,51.9325
796.489167,51.9325
796.960833,51.9325
797.259167,51.9325
797.511111,51.9325
797.7725,51.9325
797.775278,51.9325
797.973333,51.9325
798.286389,51.9325
798.500833,51.9325
798.9875,51.9325
799.301389,51.9325
799.525278,51.9325
799.783056,51.9325
800.081389,51.9325
800.287778,51.9325
800.489722,51.9325
800.972222,51.9325
801.289444,51.9325
801.498333,51.9325
801.787222,51.9325
801.976389,51.9325
802.291667,51.9325
802.508611,51.9325
802.949167,51.9325
803.337222,51.9325
803.571389,51.9325
803.813611,51.9325
804.034444,51.9325
804.277222,51.9325
804.476111,51.9325
804.968611,51.9325
805.238611,51.9325
805.501389,51.9325
805.803333,51.9325
806.084167,51.9325
806.298611,51.9325
806.558056,51.9325
806.956111,51.9325
807.274722,51.9325
807.481944,51.9325
807.766944,51.9325
807.976389,51.9325
808.283889,51.9325
808.340278,51.9325
808.499167,51.9325
808.970556,51.9325
809.2975,51.9325
809.511944,51.9325
809.982778,51.9325
810.3,51.9325
810.592778,51.9325
810.975833,51.9325
811.292778,51.9325
811.483333,51.9325
811.771111,51.9325
811.968889,51.9325
812.258611,51.9325
812.489444,51.9325
812.496111,51.9325
812.961667,51.9325
813.302778,51.9325
813.593333,51.9325
813.819167,51.9325
814.078333,51.9325
814.316111,51.9325
814.561389,51.9325
814.931111,51.9325
815.218056,51.9325
815.496389,52.900338
815.807778,51.9325
816.065556,51.9325
816.285278,52.900338
816.498611,52.900338
816.97,52.900338
817.266944,51.9325
817.506389,51.9325
817.772222,51.9325
817.983333,52.900338
818.291667,51.9325
818.523889,51.9325
818.951389,51.9325
819.277778,52.900338
819.491389,51.9325
819.780556,51.9325
819.989444,51.9325
820.280833,51.9325
820.491667,51.9325
820.978611,51.9325
821.303611,51.9325
821.526944,51.9325
821.773333,51.9325
821.985833,51.9325
822.292222,52.900338
822.512778,52.900338
822.951111,52.900338
823.264722,52.900338
823.368333,52.900338
823.519722,53.868177
823.788611,53.868177
824.001111,53.868177
824.263611,53.868177
824.477222,53.868177
824.960278,53.868177
825.306111,53.868177
825.579444,52.900338
825.794722,53.868177
826.0725,52.900338
826.280278,52.900338
826.495278,52.900338
827.007222,52.900338
827.308056,52.900338
827.514444,52.900338
827.520833,53.868177
827.785278,52.900338
827.994167,52.900338
828.311389,52.900338
828.571389,52.900338
828.985278,52.900338
829.339167,52.900338
829.602778,52.900338
829.8,52.900338
830.118611,52.900338
830.474722,52.900338
830.973333,52.900338
831.350556,51.9325
831.528333,52.900338
831.799722,52.900338
832.001667,52.900338
832.311944,51.9325
832.582222,52.900338
832.948889,52.900338
833.283611,52.900338
833.502222,51.9325
833.821667,51.9325
834.123056,52.900338
834.333333,51.9325
834.572778,51.9325
834.976944,51.9325
835.301111,51.9325
835.489444,51.9325
835.786667,51.9325
836.003333,52.900338
836.309722,52.900338
836.510278,52.900338
836.949444,51.9325
837.283056,51.9325
837.496389,52.900338
837.812778,51.9325
838.090556,52.900338
838.205278,52.900338
838.312778,52.900338
838.518611,52.900338
838.960556,52.900338
839.313333,52.900338
839.5225,52.900338
839.800556,52.900338
840.068889,52.900338
840.308889,52.900338
840.506667,52.900338
840.96,52.900338
841.285556,52.900338
841.591111,52.900338
841.818611,52.900338
842.111389,52.900338
842.330278,52.900338
842.332778,52.900338
842.521111,52.900338
842.970278,52.900338
843.323333,52.900338
843.591667,52.900338
843.809167,52.900338
844.080833,52.900338
844.305278,51.9325
844.499444,52.900338
844.991389,51.9325
845.315556,52.900338
845.585278,52.900338
846.089167,51.9325
846.311667,52.900338
846.566667,52.900338
846.967778,52.900338
847.330556,52.900338
847.591944,52.900338
847.831111,52.900338
848.105833,52.900338
848.311667,52.900338
848.494444,52.900338
848.986667,52.900338
849.323333,51.9325
849.597778,52.900338
849.816944,51.9325
849.993611,52.900338
850.287778,52.900338
850.568333,52.900338
850.954444,52.900338
851.2975,52.900338
851.574444,52.900338
851.799167,52.900338
852.061389,52.900338
852.3025,51.9325
852.511111,52.900338
852.995833,52.900338
853.333056,52.900338
853.434444,52.900338
853.590556,52.900338
853.785278,52.900338
854.0625,52.900338
854.295,52.900338
854.503889,52.900338
854.9875,52.900338
855.28,52.900338
855.505,52.900338
855.822778,52.900338
856.080833,52.900338
856.306667,52.900338
856.578611,52.900338
856.952222,52.900338
857.265833,52.900338
857.584722,52.900338
857.591389,52.900338
857.798889,52.900338
858.079167,52.900338
858.298333,52.900338
858.505278,52.900338
858.962222,52.900338
859.291944,52.900338
859.523611,52.900338
859.790556,52.900338
860.079722,52.900338
860.298333,52.900338
860.978333,52.900338
861.295278,52.900338
861.52,52.900338
861.858611,52.900338
862.096111,52.900338
862.3025,52.900338
862.571111,52.900338
862.938333,52.900338
863.296111,52.900338
863.510278,52.900338
863.791389,52.900338
864.073056,52.900338
864.276667,52.900338
864.963333,52.900338
865.249167,52.900338
865.5675,52.900338
865.795556,52.900338
866.002778,52.900338
866.273889,52.900338
866.5,52.900338
866.986389,52.900338
867.320833,52.900338
867.59,51.9325
867.803056,51.9325
868.081111,52.900338
868.19,52.900338
868.289444,52.900338
868.501111,52.900338
868.958333,52.900338
869.296389,52.900338
869.499722,52.900338
869.810278,52.900338
870.073333,52.900338
870.296944,52.900338
870.487222,52.900338
870.959722,52.900338
871.283611,52.900338
871.516944,52.900338
871.790556,52.900338
872.059722,52.900338
872.295556,52.900338
872.298056,52.900338
872.559167,52.900338
872.968333,52.900338
873.2825,52.900338
873.509722,52.900338
873.766667,52.900338
873.985833,52.900338
874.288333,52.900338
874.511389,52.900338
875.071111,52.900338
875.369167,52.900338
875.635556,52.900338
876.087778,52.900338
876.323611,52.900338
876.525278,52.900338
876.970556,52.900338
877.291944,52.900338
877.49,52.900338
877.785,52.900338
878.061667,52.900338
878.328889,52.900338
878.569444,52.900338
878.985278,52.900338
879.333056,52.900338
879.604167,52.900338
879.814722,52.900338
879.991389,52.900338
880.310556,52.900338
880.536944,52.900338
880.955278,52.900338
881.275,52.900338
881.500556,52.900338
881.773333,52.900338
881.993333,52.900338
882.308611,52.900338
882.591111,52.900338
882.972778,52.900338
883.079167,52.900338
883.325833,53.868177
883.591389,53.868177
883.808056,53.868177
884.093333,53.868177
884.325278,52.900338
884.590278,52.900338
884.986111,52.900338
885.331111,53.868177
885.583889,52.900338
885.79,52.900338
885.996111,52.900338
886.315833,52.900338
886.578333,52.900338
886.931944,52.900338
887.252222,52.900338
887.258889,52.900338
887.521111,52.900338
887.785278,52.900338
888.000556,52.900338
888.299167,52.900338
888.501944,52.900338
888.974722,52.900338
889.335278,52.900338
889.540556,52.900338
889.824167,52.900338
890.094722,52.900338
890.321667,52.900338
890.5175,52.900338
890.9525,52.900338
891.288889,52.900338
891.489167,52.900338
891.797222,52.900338
892.055556,52.900338
892.306667,52.900338
892.591944,52.900338
892.973889,52.900338
893.3025,52.900338
893.494444,52.900338
893.779444,52.900338
894.003889,52.900338
894.296389,52.900338
894.501944,52.900338
894.988333,52.900338
895.296111,52.900338
895.518611,52.900338
895.7825,52.900338
895.970833,52.900338
896.281389,52.900338
896.505833,52.900338
897.080833,52.900338
897.3625,52.900338
897.637778,52.900338
897.998611,53.868177
898.065278,53.868177
898.270556,53.868177
898.485,53.868177
898.942222,53.868177
899.260833,53.868177
899.558333,53.868177
899.778889,53.868177
900.063611,53.868177
900.305278,53.868177
900.577778,53.868177
900.967778,53.868177
901.311111,53.868177
901.528611,53.868177
901.824444,53.868177
902.074722,53.868177
902.081389,53.868177
902.323056,53.868177
902.585278,53.868177
902.989444,53.868177
903.331389,54.836016
903.580556,54.836016
903.804444,54.836016
904.068333,54.836016
904.301389,54.836016
904.569444,54.836016
904.9575,54.836016
905.292778,54.836016
905.508056,54.836016
905.788611,54.836016
905.998056,54.836016
906.318611,54.836016
906.576667,54.836016
906.949722,54.836016
907.308333,54.836016
907.514167,54.836016
907.8125,54.836016
908.1075,54.836016
908.3375,54.836016
908.576389,54.836016
908.958056,54.836016
909.307222,55.803854
909.579167,55.803854
909.786389,55.803854
910.055278,55.803854
910.316944,55.803854
910.564167,55.803854
910.955278,55.803854
911.253056,55.803854
911.491111,55.803854
911.795833,55.803854
912.066389,55.803854
912.285,55.803854
912.479722,55.803854
912.956111,55.803854
913.275833,55.803854
913.397778,55.803854
913.492222,55.803854
913.796389,56.771693
914.066111,55.803854
914.275278,55.803854
914.485,55.803854
914.979444,56.771693
915.305,56.771693
915.531667,56.771693
915.81,56.771693
916.073333,56.771693
916.309167,56.771693
916.499167,56.771693
916.975556,56.771693
917.329444,56.771693
917.546111,56.771693
917.548611,56.771693
917.820278,56.771693
918.070833,56.771693
918.297778,56.771693
918.503611,56.771693
918.975556,56.771693
919.301944,56.771693
919.518611,56.771693
919.793611,56.771693
920.069444,56.771693
920.303333,56.771693
920.585278,56.771693
920.997778,56.771693
921.346944,57.739532
921.5925,56.771693
921.812778,56.771693
922.062222,56.771693
922.273889,57.739532
922.496389,57.739532
922.964722,57.739532
923.298889,57.739532
923.578611,57.739532
923.79,57.739532
924.059722,57.739532
924.273889,57.739532
924.489444,57.739532
924.983611,57.739532
925.336111,57.739532
925.602778,57.739532
925.818333,57.739532
926.061111,57.739532
926.337778,57.739532
926.621667,58.707371
927.085556,58.707371
927.324444,58.707371
927.514167,58.707371
927.790278,58.707371
927.996111,58.707371
928.306389,58.707371
928.575278,59.675209
928.633056,59.675209
928.97,57.739532
929.322778,58.707371
929.525,58.707371
929.795833,58.707371
930.329722,58.707371
930.595278,58.707371
930.974167,58.707371
931.294167,58.707371
931.522222,58.707371
931.809444,58.707371
932.061111,58.707371
932.278056,58.707371
932.5675,58.707371
932.953889,58.707371
932.958889,58.707371
933.275556,58.707371
933.485,58.707371
933.823611,59.675209
934.096111,59.675209
934.307222,59.675209
934.582778,59.675209
934.957778,59.675209
935.288611,59.675209
935.49,59.675209
935.791944,59.675209
936.078333,58.707371
936.272778,58.707371
937.066667,59.675209
937.337222,59.675209
937.560556,59.675209
937.815833,59.675209
938.106667,59.675209
938.319167,59.675209
938.496389,59.675209
939.145,59.675209
939.371944,59.675209
939.647222,59.675209
940.058333,59.675209
940.315,59.675209
940.579444,60.643048
940.973333,59.675209
941.298889,60.643048
941.508056,60.643048
941.794444,60.643048
942.077778,60.643048
942.281111,60.643048
942.51,60.643048
942.984167,60.643048
943.316944,60.643048
943.543056,60.643048
943.79,60.643048
944.057222,60.643048
944.306389,60.643048
944.961111,60.643048
945.286944,60.643048
945.487222,60.643048
945.808611,60.643048
946.103056,61.610887
946.316389,61.610887
946.344444,61.610887
946.506667,61.610887
946.987778,61.610887
947.340278,61.610887
947.620278,61.610887
947.829444,61.610887
948.105,61.610887
948.34,61.610887
948.519722,61.610887
948.522222,61.610887
948.963889,61.610887
949.617778,61.610887
949.824444,61.610887
950.109444,61.610887
950.326667,61.610887
950.524167,61.610887
950.950556,61.610887
951.355556,61.610887
951.559167,61.610887
951.863611,61.610887
952.124722,61.610887
952.3525,61.610887
952.592222,61.610887
952.954444,61.610887
953.816944,62.578725
954.295,62.578725
954.567222,61.610887
954.994167,62.578725
955.281389,62.578725
955.492222,62.578725
955.768611,62.578725
955.99,62.578725
956.283056,62.578725
956.513333,62.578725
956.996667,62.578725
957.321944,62.578725
957.428611,62.578725
957.586667,62.578725
957.818611,62.578725
958.098333,62.578725
958.344167,62.578725
958.968333,62.578725
959.286111,62.578725
959.502222,62.578725
959.505,62.578725
959.806944,62.578725
960.055556,62.578725
960.296389,63.546564
960.564722,62.578725
960.943056,62.578725
961.2775,63.546564
961.579722,63.546564
961.807222,63.546564
962.065,63.546564
962.295,63.546564
962.503056,63.546564
962.988056,63.546564
963.2975,63.546564
963.5775,63.546564
963.8025,63.546564
964.074444,63.546564
964.287222,63.546564
964.488333,63.546564
964.960278,63.546564
965.265833,63.546564
965.582778,63.546564
965.784444,63.546564
965.990833,63.546564
966.3125,63.546564
966.580278,63.546564
966.964722,63.546564
967.257222,63.546564
967.570833,63.546564
967.802778,63.546564
968.066389,63.546564
968.313611,63.546564
968.569167,63.546564
968.981111,63.546564
969.283333,63.546564
969.484722,63.546564
969.812778,63.546564
970.103333,63.546564
970.322222,63.546564
970.5025,63.546564
970.990833,63.546564
971.308056,63.546564
971.583889,63.546564
971.8,64.514403
972.006667,63.546564
972.315,64.514403
972.526111,64.514403
972.861667,64.514403
972.9725,64.514403
973.289167,64.514403
973.508889,64.514403
973.781667,64.514403
973.997778,64.514403
974.306111,64.514403
974.560556,64.514403
974.961111,64.514403
974.966111,64.514403
975.270278,65.482242
975.515278,65.482242
975.803611,65.482242
976.077222,65.482242
976.301944,65.482242
976.517222,65.482242
976.9975,66.45008
977.310833,66.45008
977.525,66.45008
977.788889,66.45008
978.201111,66.45008
978.523889,66.45008
978.970556,66.45008
979.312222,67.417919
979.592778,65.482242
979.812222,65.482242
980.0825,66.45008
980.284444,66.45008
980.488333,66.45008
980.986667,66.45008
982.951667,66.45008
983.255,66.45008
983.5,67.417919
983.814444,67.417919
984.277778,67.417919
984.482222,67.417919
984.963056,67.417919
985.275,67.417919
985.4975,67.417919
985.780556,67.417919
985.845278,67.417919
986.064722,67.417919
986.320278,67.417919
986.566111,67.417919
987.065278,67.417919
987.298056,67.417919
987.578889,67.417919
987.788611,67.417919
987.988611,67.417919
987.991389,67.417919
988.299167,67.417919
988.503056,67.417919
988.975,68.385758
989.311667,68.385758
989.530278,68.385758
989.805,68.385758
990.070278,68.385758
990.293611,69.353596
990.508056,69.353596
991.078889,69.353596
991.334722,69.353596
991.5875,69.353596
991.795833,69.353596
992.058333,70.321435
992.279722,69.353596
992.487778,69.353596
992.963056,69.353596
993.287778,69.353596
993.51,69.353596
993.8125,69.353596
994.0775,69.353596
994.3125,69.353596
994.525833,69.353596
994.998333,69.353596
995.601944,70.321435
995.8,70.321435
995.979722,70.321435
996.319167,70.321435
996.591111,70.321435
996.970278,70.321435
997.284167,70.321435
997.613611,71.289274
997.835,71.289274
998.058889,71.289274
998.276667,71.289274
998.501944,68.385758
998.966111,69.353596
999.303333,70.321435
999.586667,74.19279
999.810278,79.031984
1000.077778,79.999822
1000.305556,79.999822
1000.515,79.999822
1000.945,76.128468
1001.270278,74.19279
1001.626944,74.19279
1001.817778,74.19279
1002.093889,73.224951
1002.326389,73.224951
1002.567222,73.224951
1002.960556,73.224951
1003.3075,73.224951
1003.521389,73.224951
1003.805833,73.224951
1004.065833,72.257113
1004.297222,72.257113
1004.562222,72.257113
1004.95,72.257113
1005.29,72.257113
1005.601944,72.257113
1005.836111,72.257113
1006.085556,72.257113
1006.304444,72.257113
1006.510833,71.289274
1006.931944,71.289274
1007.276667,71.289274
1007.613333,71.289274
1008.083333,71.289274
1008.318333,71.289274
1008.582778,71.289274
1008.949167,70.321435
1009.305556,70.321435
1009.414167,70.321435
1009.512778,70.321435
1009.796111,70.321435
1010.059444,70.321435
1010.289722,70.321435
1010.513333,70.321435
1010.985833,70.321435
1011.343889,70.321435
1011.602778,70.321435
1011.605556,70.321435
1011.831944,69.353596
1012.0875,69.353596
1012.325278,69.353596
1012.591111,69.353596
1012.984167,69.353596
1013.338611,69.353596
1013.593889,69.353596
1013.835278,69.353596
1014.121111,69.353596
1014.351389,69.353596
1014.591389,69.353596
1014.968611,69.353596
1015.321667,68.385758
1015.598611,68.385758
1015.863056,68.385758
1016.108056,68.385758
1016.351944,68.385758
1016.581111,68.385758
1016.994722,68.385758
1017.370278,68.385758
1017.658889,68.385758
1018.126389,67.417919
1018.375,67.417919
1018.600278,67.417919
1019.156111,67.417919
1019.553333,67.417919
1019.860556,67.417919
1020.180556,67.417919
1020.628611,67.417919
1020.989167,67.417919
1021.415,67.417919
1021.809444,67.417919
1022.073611,67.417919
1022.315556,67.417919
1022.5825,67.417919
1023.071667,67.417919
1023.13,67.417919
1023.386389,67.417919
1023.654444,67.417919
1024.112222,67.417919
1024.343889,67.417919
1024.577222,67.417919
1025.351944,67.417919
1025.354444,67.417919
1025.652222,67.417919
1026.102778,67.417919
1026.366667,67.417919
1026.593889,67.417919
1026.975,67.417919
1027.361111,67.417919
1027.638333,67.417919
1028.064444,67.417919
1028.300556,66.45008
1028.585,67.417919
1028.978056,67.417919
1029.333056,66.45008
1029.596389,67.417919
1029.851111,67.417919
1030.176667,66.45008
1030.545556,67.417919
1031.07,67.417919
1031.348889,66.45008
1031.581944,67.417919
1031.828333,67.417919
1032.109722,67.417919
1032.614722,67.417919
1033.064167,67.417919
1033.383333,67.417919
1033.653889,67.417919
1034.081667,66.45008
1034.3225,67.417919
1034.588333,67.417919
1034.998056,67.417919
1035.328056,67.417919
1035.585278,67.417919
1035.839167,67.417919
1036.113056,67.417919
1036.339444,67.417919
1036.580278,67.417919
1036.75,67.417919
1036.967222,67.417919
1037.338889,67.417919
1037.6175,67.417919
1037.866111,67.417919
1038.105833,67.417919
1038.3475,67.417919
1038.574444,67.417919
1038.973333,67.417919
1038.978333,67.417919
1039.353889,67.417919
1039.623889,67.417919
1039.829167,67.417919
1040.119722,67.417919
1040.359444,67.417919
1040.582222,67.417919
1040.959722,67.417919
1041.313611,67.417919
1041.523333,67.417919
1041.804167,67.417919
1042.075556,67.417919
1042.308333,67.417919
1042.525556,67.417919
1042.985,67.417919
1043.313333,67.417919
1043.602778,67.417919
1043.850833,67.417919
1044.081944,67.417919
1044.313611,67.417919
1044.559444,67.417919
1044.990833,67.417919
1045.338056,67.417919
1045.578056,67.417919
1045.790833,67.417919
1046.065833,67.417919
1046.304722,67.417919
1046.5075,67.417919
1047.060556,67.417919
1047.354722,67.417919
1047.628889,67.417919
1047.813611,67.417919
1048.075556,67.417919
1048.310278,67.417919
1048.578889,67.417919
1048.943611,67.417919
1049.296111,67.417919
1049.4975,67.417919
1049.817778,67.417919
1050.084167,67.417919
1050.296944,67.417919
1050.475833,67.417919
1050.502222,67.417919
1050.999444,67.417919
1051.321389,67.417919
1051.589167,67.417919
1051.817222,67.417919
1052.094722,67.417919
1052.300278,67.417919
1052.498889,67.417919
1052.501667,67.417919
1052.979444,67.417919
1053.323333,66.45008
1053.593889,66.45008
1053.823056,66.45008
1054.075278,66.45008
1054.3075,66.45008
1054.507222,66.45008
1054.988056,66.45008
1055.324444,66.45008
1055.593611,66.45008
1055.801944,67.417919
1056.107222,67.417919
1056.316389,67.417919
1056.524167,66.45008
1056.953611,66.45008
1057.298333,66.45008
1057.493056,67.417919
1057.785,66.45008
1058.0675,66.45008
1058.285,66.45008
1058.516111,66.45008
1058.973333,66.45008
1059.292222,66.45008
1059.531111,66.45008
1059.798889,66.45008
1060.058889,66.45008
1060.336111,66.45008
1060.604444,66.45008
1061.000556,66.45008
1061.304722,66.45008
1061.495278,66.45008
1061.811389,66.45008
1062.075556,66.45008
1062.303056,66.45008
1062.4975,66.45008
1063.000556,66.45008
1063.333889,66.45008
1063.6025,66.45008
1063.697778,66.45008
1063.788333,66.45008
1063.986944,66.45008
1064.331111,66.45008
1064.529444,66.45008
1064.953056,66.45008
1065.297222,66.45008
1065.507778,66.45008
1065.825833,66.45008
1065.828611,66.45008
1066.0925,66.45008
1066.295,66.45008
1066.562778,66.45008
1066.946944,66.45008
1067.305,66.45008
1067.614167,66.45008
1067.826111,66.45008
1068.065556,66.45008
1068.281944,66.45008
1068.506944,66.45008
1069.006667,65.482242
1069.372222,65.482242
1069.829444,65.482242
1070.080833,65.482242
1070.316944,65.482242
1070.571111,65.482242
1070.938056,65.482242
1071.255833,65.482242
1071.587222,65.482242
1071.793611,65.482242
1071.988056,65.482242
1072.288056,65.482242
1072.517222,65.482242
1072.967778,65.482242
1073.303611,65.482242
1073.527222,65.482242
1074.066667,65.482242
1074.3125,65.482242
1074.57,65.482242
1074.961111,65.482242
1075.296389,65.482242
1075.564444,65.482242
1075.770833,65.482242
1076.064167,65.482242
1076.341389,65.482242
1076.513056,65.482242
1076.974444,66.45008
1077.3125,66.45008
1077.426944,66.45008
1077.523889,66.45008
1077.800556,66.45008
1078.068889,66.45008
1078.297222,66.45008
1078.560556,66.45008
1078.980833,66.45008
1079.345556,67.417919
1079.5325,67.417919
1079.54,66.45008
1079.805556,67.417919
1079.986111,66.45008
1080.286389,67.417919
1080.518333,67.417919
1080.983333,67.417919
1081.295556,67.417919
1081.510833,67.417919
1081.770556,67.417919
1081.996389,67.417919
1082.278333,67.417919
1082.570833,67.417919
1082.978889,67.417919
1083.307778,67.417919
1083.503333,67.417919
1083.795833,67.417919
1084.066667,67.417919
1084.289722,67.417919
1084.501667,67.417919
1084.9875,68.385758
1085.318611,68.385758
1085.5775,68.385758
1085.789444,68.385758
1086.005278,68.385758
1086.286667,68.385758
1086.505556,68.385758
1086.952222,68.385758
1087.268611,68.385758
1087.593056,68.385758
1087.827778,68.385758
1088.071667,68.385758
1088.285278,68.385758
1088.5075,68.385758
1088.969444,68.385758
1089.291389,68.385758
1089.510833,69.353596
1089.788889,69.353596
1090.085278,69.353596
1090.3125,69.353596
1090.471944,69.353596
1090.520833,69.353596
1090.94,69.353596
1091.240833,69.353596
1091.526667,69.353596
1091.813333,69.353596
1092.076111,69.353596
1092.3075,69.353596
1092.505556,69.353596
1092.512222,69.353596
1093.068333,70.321435
1093.337778,70.321435
1093.617778,70.321435
1093.832222,70.321435
1094.086389,70.321435
1094.316111,70.321435
1094.596111,70.321435
1094.998611,70.321435
1095.354722,70.321435
1095.615,70.321435
1095.830556,70.321435
1096.096111,70.321435
1096.324444,70.321435
1096.576111,70.321435
1096.969722,70.321435
1097.287778,70.321435
1097.499444,70.321435
1097.833889,71.289274
1098.120556,71.289274
1098.359444,71.289274
1098.619167,71.289274
1098.983889,71.289274
1099.314167,71.289274
1099.496389,71.289274
1099.801667,71.289274
1100.114444,71.289274
1100.331111,71.289274
1100.563333,71.289274
1100.95,71.289274
1101.271111,71.289274
1101.608889,72.257113
1101.850556,72.257113
1102.071389,72.257113
1102.306111,72.257113
1102.516667,72.257113
1103.003611,72.257113
1103.587778,73.224951
1103.788889,73.224951
1103.95,73.224951
1104.059444,73.224951
1104.321111,73.224951
1104.578333,73.224951
1105.065833,73.224951
1105.364444,73.224951
1105.607778,73.224951
1105.813611,73.224951
1106.079444,73.224951
1106.081944,73.224951
1106.339167,73.224951
1106.603056,73.224951
1106.956944,73.224951
1107.317222,73.224951
1107.594444,73.224951
1107.819722,73.224951
1108.093056,73.224951
1108.335278,73.224951
1108.6275,73.224951
1108.994444,73.224951
1109.406944,73.224951
1109.831667,73.224951
1110.123056,73.224951
1110.557222,74.19279
1111.052222,74.19279
1111.333333,74.19279
1111.613333,74.19279
1111.822778,74.19279
1112.074444,74.19279
1112.304444,74.19279
1112.560278,74.19279
1113.075556,74.19279
1113.357778,74.19279
1113.605556,74.19279
1113.806944,74.19279
1114.097222,74.19279
1114.32,72.257113
1114.605278,72.257113
1115.074444,73.224951
1115.343889,73.224951
1115.571667,73.224951
1115.8125,73.224951
1116.07,73.224951
1116.294444,73.224951
1116.563333,73.224951
1116.978333,73.224951
1117.146667,73.224951
1117.340278,73.224951
1117.603611,73.224951
1117.836944,73.224951
1118.100556,73.224951
1118.317778,73.224951
1118.488056,73.224951
1118.965833,73.224951
1119.296667,73.224951
1119.299167,73.224951
1119.535833,73.224951
1119.780833,73.224951
1120.055833,73.224951
1120.295556,73.224951
1120.568611,73.224951
1120.948611,73.224951
1121.270556,73.224951
1121.533333,73.224951
1121.826944,73.224951
1122.100278,73.224951
1122.3225,73.224951
1122.569167,73.224951
1122.954167,73.224951
1123.304444,73.224951
1123.556667,73.224951
1123.814722,73.224951
1124.108611,73.224951
1124.327222,73.224951
1124.503611,73.224951
1124.994167,73.224951
1125.202222,73.224951
1125.395278,73.224951
1125.803889,72.257113
1126.081389,72.257113
1126.305,72.257113
1126.51,72.257113
1127.3275,72.257113
1127.608056,72.257113
1127.795833,72.257113
1127.983333,72.257113
1128.291944,72.257113
1128.514722,72.257113
1128.970556,72.257113
1129.261667,72.257113
1129.488056,72.257113
1129.826944,72.257113
1130.101111,72.257113
1130.261389,72.257113
1130.313056,72.257113
1130.573889,72.257113
1130.967222,72.257113
1131.311389,72.257113
1131.510556,72.257113
1131.850278,72.257113
1132.144444,72.257113
1132.580556,72.257113
1132.583056,72.257113
1132.950833,72.257113
1133.298611,72.257113
1133.570556,72.257113
1133.795556,72.257113
1134.053056,72.257113
1134.328611,72.257113
1134.586944,72.257113
1134.991667,72.257113
1135.320833,72.257113
1135.581111,72.257113
1135.796944,72.257113
1136.060556,72.257113
1136.2875,72.257113
1136.515278,72.257113
1136.961389,72.257113
1137.289722,72.257113
1137.648889,72.257113
1138.054167,73.224951
1138.293056,73.224951
1138.565,73.224951
1138.961111,73.224951
1139.258889,73.224951
1139.586389,73.224951
1139.804444,73.224951
1140.276389,73.224951
1140.560556,73.224951
1141.006111,73.224951
1141.325278,73.224951
1141.574444,73.224951
1141.794167,74.19279
1141.993333,73.224951
1142.318611,73.224951
1142.589722,74.19279
1142.975278,74.19279
1143.295556,74.19279
1143.576111,74.19279
1143.639722,74.19279
1143.810278,74.19279
1144.076944,74.19279
1144.523056,74.19279
1145.056389,74.19279
1145.318056,74.19279
1145.576111,75.160629
1145.811944,75.160629
1145.814444,75.160629
1146.065833,75.160629
1146.298333,75.160629
1146.564167,75.160629
1146.9625,75.160629
1147.2625,75.160629
1147.602222,75.160629
1147.826111,75.160629
1148.063611,75.160629
1148.289444,75.160629
1148.568056,75.160629
1148.936389,76.128468
1149.281111,76.128468
1149.545278,76.128468
1149.798333,76.128468
1150.078333,76.128468
1150.303889,76.128468
1150.561667,76.128468
1150.941111,76.128468
1151.254167,76.128468
1151.523056,76.128468
1151.782778,77.096306
1152.098611,77.096306
1152.299167,77.096306
1152.563333,77.096306
1152.946944,77.096306
1153.266667,77.096306
1153.590556,77.096306
1153.791944,77.096306
1154.052778,77.096306
1154.340278,77.096306
1154.624444,77.096306
1155.004444,77.096306
1155.328056,77.096306
1155.511667,77.096306
1155.779722,77.096306
1155.996389,77.096306
1156.3175,78.064145
1156.653056,78.064145
1156.986667,78.064145
1157.336667,78.064145
1157.575278,78.064145
1157.811667,78.064145
1158.072778,78.064145
1158.285833,78.064145
1158.583333,78.064145
1158.992222,78.064145
1158.996944,78.064145
1159.338611,78.064145
1159.607222,78.064145
1159.8525,78.064145
1160.095556,79.031984
1160.368056,79.031984
1160.963889,79.031984
1161.13,79.031984
1161.346111,79.031984
1161.528056,79.031984
1161.839722,79.031984
1162.136389,79.031984
1162.375278,79.031984
1162.573889,78.064145
1163.003056,78.064145
1163.409444,78.064145
1163.829444,78.064145
1164.126389,78.064145
1164.361389,78.064145
1164.984167,78.064145
1165.377778,78.064145
1165.687222,78.064145
1166.106667,78.064145
1166.375833,78.064145
1167.058333,78.064145
1167.355,78.064145
1167.6175,78.064145
1167.813056,78.064145
1168.083056,78.064145
1168.597778,78.064145
1168.979722,78.064145
1169.2925,78.064145
1169.521389,78.064145
1169.8075,78.064145
1170.077778,78.064145
1170.215556,78.064145
1170.333333,78.064145
1170.965556,79.031984
1171.322778,79.031984
1171.544167,79.031984
1171.821389,79.031984
1171.94,79.031984
1172.373889,79.031984
1173.157222,79.031984
1173.600278,79.031984
1173.8425,79.031984
1174.071667,79.031984
1174.290278,79.031984
1174.514444,79.031984
1174.965833,79.031984
1175.297222,79.031984
1175.5825,79.031984
1175.803056,79.031984
1176.079167,79.031984
1176.294722,79.031984
1176.563333,79.031984
1176.966667,79.031984
1177.821389,79.031984
1178.070278,79.031984
1178.286389,79.031984
1178.519167,79.031984
1179.003889,79.031984
1179.345833,79.031984
1179.633889,79.031984
1179.853611,79.031984
1180.088889,79.031984
1180.608056,79.999822
1180.974167,79.031984
1181.356667,79.031984
1181.583333,79.031984
1181.806389,79.031984
1182.088889,79.031984
1182.330833,79.031984
1182.5725,79.031984
1182.943889,79.031984
1183.252222,79.031984
1183.392222,79.031984
1183.672778,79.031984
1184.056111,79.031984
1184.293889,79.031984
1184.5,79.031984
1184.972778,79.031984
1185.310833,79.031984
1185.593333,79.031984
1185.603889,79.031984
1186.111944,79.031984
1186.331944,79.999822
1186.574444,79.999822
1186.953333,79.031984
1187.260833,79.031984
1187.500278,79.031984
1187.818611,79.031984
1188.103333,79.999822
1188.310833,79.999822
1188.499167,79.999822
1188.978333,79.031984
1189.293056,79.031984
1189.505278,79.031984
1189.820833,79.999822
1190.126944,79.999822
1190.348333,79.999822
1190.570833,79.999822
1190.968611,79.999822
1191.298333,79.999822
1191.511667,79.999822
1191.834444,79.999822
1192.101389,79.031984
1192.299722,79.999822
1192.560278,79.031984
1192.97,79.031984
1193.278611,79.031984
1193.525278,79.031984
1193.798056,79.031984
1194.09,79.031984
1194.323333,79.031984
1194.569722,79.031984
1194.956111,79.031984
1195.268056,79.999822
1195.566944,79.999822
1195.840278,79.999822
1196.110833,79.999822
1196.319167,79.999822
1196.506389,79.999822
1196.8675,79.999822
1196.979722,79.999822
1197.287222,80.967661
1197.508611,80.967661
1197.827778,80.967661
1198.101667,80.967661
1198.292222,80.967661
1198.477778,80.967661
1198.949722,80.967661
1198.954722,80.967661
1199.2775,80.967661
1199.541389,80.967661
1199.821389,80.967661
1200.086944,80.967661
1200.288056,80.967661
1200.506944,80.967661
1201.054722,81.9355
1201.343889,80.967661
1201.607778,81.9355
1201.826667,80.967661
1202.078056,81.9355
1202.318611,81.9355
1202.569722,81.9355
1202.960556,81.9355
1203.306667,81.9355
1203.506389,81.9355
1203.822222,81.9355
1204.113611,81.9355
1204.349444,81.9355
1204.594444,81.9355
1204.963889,81.9355
1205.301111,81.9355
1205.575833,81.9355
1205.818056,81.9355
1206.082778,81.9355
1206.297222,81.9355
1206.507222,81.9355
1207.071667,82.903339
1207.365278,81.9355
1207.633333,81.9355
1207.816667,81.9355
1208.088889,81.9355
1208.33,81.9355
1208.575833,82.903339
1208.993611,82.903339
1209.315278,82.903339
1209.555556,82.903339
1209.804722,82.903339
1210.092222,82.903339
1210.217222,82.903339
1211.078611,82.903339
1211.284722,82.903339
1211.592778,82.903339
1211.815,82.903339
1212.070278,82.903339
1212.303611,82.903339
1212.306389,82.903339
1213.197778,82.903339
1213.392778,82.903339
1213.799167,82.903339
1214.078611,82.903339
1214.303889,82.903339
1214.577778,82.903339
1214.941389,82.903339
1215.296944,86.774693
1215.552222,88.710371
1215.834722,90.646048
1216.312778,92.581726
1216.505,93.549564
1216.938611,94.517403
1217.310833,96.453081
1217.621389,96.453081
1217.826944,96.453081
1218.3225,91.613887
1218.568611,89.67821
1218.958889,88.710371
1219.279444,88.710371
1219.6025,88.710371
1219.806111,87.742532
1219.995833,87.742532
1220.333889,87.742532
1220.588611,86.774693
1220.995278,86.774693
1221.364444,86.774693
1221.623611,86.774693
1221.812222,85.806855
1221.999167,85.806855
1222.300278,85.806855
1222.583056,85.806855
1222.974167,85.806855
1223.318056,85.806855
1223.528056,84.839016
1223.692778,84.839016
1223.796944,84.839016
1224.075556,84.839016
1224.300556,84.839016
1224.498333,84.839016
1224.977778,83.871177
1225.330833,83.871177
1225.599167,83.871177
1225.803056,83.871177
1225.805556,83.871177
1226.074167,83.871177
1226.314444,82.903339
1226.564167,83.871177
1226.9625,82.903339
1227.269444,82.903339
1227.499167,82.903339
1228.109167,82.903339
1228.316389,82.903339
1228.505,82.903339
1229.306111,82.903339
1229.523056,81.9355
1229.792778,81.9355
1230.312222,81.9355
1230.584167,81.9355
1230.952778,81.9355
1231.297778,81.9355
1231.514444,81.9355
1231.819722,81.9355
1232.0825,80.967661
1232.306389,80.967661
1232.517222,80.967661
1232.978333,80.967661
1233.531944,80.967661
1233.796111,80.967661
1234.085556,80.967661
1234.318333,80.967661
1234.976944,79.999822
1235.285278,79.999822
1235.593333,79.999822
1235.818056,79.999822
1236.0675,79.999822
1236.299444,79.999822
1236.493611,79.999822
1236.660833,79.999822
1236.969167,79.999822
1237.303889,79.999822
1238.094167,79.999822
1238.3175,79.999822
1238.567222,79.999822
1238.929722,79.999822
1238.938611,79.999822
1239.267222,79.999822
1239.555833,79.999822
1239.846944,79.999822
1240.083333,79.999822
1240.291111,79.999822
1241.286667,79.999822
1241.509722,79.999822
1241.779444,79.999822
1241.990278,79.999822
1242.277222,79.999822
1242.480278,79.999822
1242.958889,79.999822
1243.255833,79.999822
1243.575833,79.999822
1243.819444,79.999822
1244.067778,79.999822
1244.268889,79.999822
1244.478889,79.999822
1244.992222,79.999822
1245.310556,79.999822
1245.579167,79.999822
1245.806667,80.967661
1246.082222,80.967661
1246.3075,80.967661
1246.567778,80.967661
1247.001111,80.967661
1247.295556,80.967661
1247.516667,80.967661
1247.797778,80.967661
1248.0925,80.967661
1248.311944,80.967661
1248.530556,80.967661
1249.327778,81.9355
1249.520556,81.9355
1249.783889,81.9355
1250.062222,81.9355
1250.185556,81.9355
1250.285833,81.9355
1250.498056,81.9355
1250.977778,81.9355
1251.293333,81.9355
1251.516944,81.9355
1251.779722,82.903339
1251.998056,82.903339
1252.303889,82.903339
1252.306667,82.903339
1252.573611,81.9355
1252.956389,82.903339
1253.276389,82.903339
1253.597222,82.903339
1253.803889,82.903339
1254.061944,82.903339
1254.317778,82.903339
1254.9575,82.903339
1255.255,82.903339
1255.629444,82.903339
1256.0775,82.903339
1256.288611,82.903339
1256.962778,82.903339
1257.278611,82.903339
1257.504722,82.903339
1257.831389,82.903339
1258.094444,82.903339
1258.302222,82.903339
1258.586667,82.903339
1258.998056,82.903339
1259.299167,82.903339
1259.516944,82.903339
1259.786667,82.903339
1260.081389,82.903339
1260.298333,82.903339
1260.559167,82.903339
1261.31,82.903339
1261.53,82.903339
1261.811667,83.871177
1262.074722,83.871177
1262.331667,83.871177
1262.599722,83.871177
1262.970556,83.871177
1263.308889,83.871177
1263.4125,83.871177
1263.503889,83.871177
1263.825278,83.871177
1264.326389,84.839016
1264.59,84.839016
1264.958056,84.839016
1265.258611,84.839016
1265.514167,84.839016
1265.516667,84.839016
1265.806944,84.839016
1266.07,84.839016
1266.288056,84.839016
1266.497222,84.839016
1266.989167,84.839016
1267.295,84.839016
1267.591667,84.839016
1267.823611,84.839016
1268.095556,91.613887
1268.3,95.485242
1268.509167,97.420919
1269.009722,104.19579
1269.335556,104.19579
1269.618611,105.163629
1269.821389,107.099307
1270.075,107.099307
1270.311389,103.227952
1270.583333,104.19579
1270.986944,102.260113
1271.313611,100.324435
1271.571111,105.163629
1271.823333,110.002823
1272.343611,118.713371
1272.650833,120.649049
1272.966111,120.649049
1273.312222,118.713371
1273.562222,118.713371
1273.827778,117.745532
1274.100833,112.906339
1274.334167,112.906339
1274.578056,111.9385
1274.961111,113.874178
1275.283333,113.874178
1275.593056,115.809855
1275.804444,116.777694
1276.053611,116.777694
1276.333333,116.777694
1276.612222,116.777694
1276.793333,116.777694
1277.065556,117.745532
1277.341389,117.745532
1277.587222,117.745532
1277.800833,117.745532
1278.065833,117.745532
1278.333889,118.713371
1278.599722,118.713371
1278.989444,118.713371
1278.994444,115.809855
1279.265,115.809855
1279.3425,113.874178
1279.590556,112.906339
1279.828333,112.906339
1280.117778,112.906339
1280.353611,112.906339
1280.585556,113.874178
1280.994167,117.745532
1281.305556,117.745532
1281.308333,121.616887
1281.49,122.584726
1281.563889,122.584726
1281.787778,123.552565
1282.09,124.520403
1282.325,124.520403
1282.588611,120.649049
1282.956667,121.616887
1283.284722,120.649049
1283.575278,120.649049
1283.581944,122.584726
1283.821667,123.552565
1284.093333,123.552565
1284.310833,123.552565
1284.515833,123.552565
1284.994722,123.552565
1285.301389,124.520403
1285.5675,124.520403
1286.136111,124.520403
1286.340278,124.520403
1286.515,124.520403
1286.99,121.616887
1287.570833,119.68121
1287.743056,120.649049
1288.053889,120.649049
1288.284722,124.520403
1288.477222,126.456081
1288.953611,127.42392
1289.251389,127.42392
1289.486944,127.42392
1289.783333,127.42392
1289.9975,127.42392
1290.283333,127.42392
1290.485556,127.42392
1291.320556,128.391758
1291.533056,128.391758
1291.798889,128.391758
1292.003889,128.391758
1292.294167,128.391758
1292.490278,128.391758
1292.997778,129.359597
1293.2525,129.359597
1293.481667,129.359597
1293.762778,129.359597
1293.997222,129.359597
1294.285556,129.359597
1294.486944,129.359597
1294.637778,129.359597
1294.948056,122.584726
1295.197222,122.584726
1295.4925,121.616887
1295.794444,122.584726
1295.978611,122.584726
1296.292222,122.584726
1296.569167,122.584726
1296.981944,122.584726
1296.986667,127.42392
1297.263333,129.359597
1297.501111,129.359597
1297.773611,129.359597
1298.261944,129.359597
1298.496944,129.359597
1298.943611,130.327436
1299.247222,130.327436
1299.458056,130.327436
1299.765,130.327436
1299.980278,130.327436
1300.296944,130.327436
1300.480556,130.327436
1300.985278,130.327436
1301.235278,130.327436
1301.501111,130.327436
1301.759722,130.327436
1301.978056,130.327436
1302.274722,130.327436
1302.468333,130.327436
1302.9675,131.295275
1303.219167,131.295275
1303.479167,131.295275
1303.780278,131.295275
1303.961667,131.295275
1304.274167,131.295275
1304.473889,131.295275
1304.955278,131.295275
1310.474444,130.327436
1310.928889,129.359597
1311.208889,129.359597
1311.478889,129.359597
1312.253611,130.327436
1312.493333,133.230952
1312.956944,133.230952
1313.216944,133.230952
1313.453889,132.263113
1313.784444,132.263113
1314.054167,131.295275
1314.288056,133.230952
1314.468333,133.230952
1314.997222,133.230952
1315.253333,133.230952
1315.484444,133.230952
1315.782778,133.230952
1315.967778,133.230952
1316.265278,133.230952
1316.465278,133.230952
1316.994167,133.230952
1317.259722,133.230952
1317.47,133.230952
1317.760278,133.230952
1317.985556,133.230952
1318.260556,133.230952
1318.483611,133.230952
1318.9275,133.230952
1319.169444,133.230952
1319.478056,133.230952
1319.791944,133.230952
1319.997222,133.230952
1320.268333,133.230952
1320.451667,133.230952
1321.087222,133.230952
1321.263333,133.230952
1321.474722,133.230952
1321.769167,133.230952
1321.951111,133.230952
1322.2925,133.230952
1322.486944,133.230952
1322.959167,133.230952
1323.256944,133.230952
1323.470833,133.230952
1323.788889,133.230952
1323.972778,133.230952
1324.266944,133.230952
1324.464167,133.230952
1324.960278,133.230952
1325.245278,133.230952
1325.495,133.230952
1325.761944,133.230952
1325.979167,133.230952
1326.275833,133.230952
1326.466944,133.230952
1326.952778,133.230952
1327.259722,133.230952
1327.488889,133.230952
1327.793889,132.263113
1327.989444,132.263113
1328.300278,132.263113
1328.481944,132.263113
1328.965556,132.263113
1329.197222,132.263113
1329.466389,133.230952
1329.770278,133.230952
1329.999722,133.230952
1330.265278,133.230952
1330.49,133.230952
1330.959722,133.230952
1331.205,133.230952
1331.460833,133.230952
1331.783056,133.230952
1331.970278,133.230952
1332.295278,133.230952
1332.501389,133.230952
1332.966389,133.230952
1333.272222,133.230952
1333.530278,133.230952
1333.813333,133.230952
1334.0775,133.230952
1470.268056,134.942633
1470.559444,133.974794
1470.973056,131.071278
1471.301111,130.103439
1471.496944,129.1356
1471.774722,127.199923
1472.003056,127.199923
1472.278889,126.232084
1472.998611,124.296407
1473.235,123.328568
1474.058056,121.392891
1474.955556,119.457213
1475.491111,118.489375
1475.78,118.489375
1476.067778,118.489375
1476.476944,117.521536
1476.983611,116.553697
1477.493056,116.553697
1477.778889,115.585858
1478.070278,115.585858
1478.076944,115.585858
1478.293333,116.553697
1478.551111,117.521536
1478.980556,117.521536
1479.267778,115.585858
1480.085556,114.61802
1480.285,114.61802
1480.488889,113.650181
1480.973333,112.682342
1481.271667,111.714504
1481.499444,111.714504
1481.772778,111.714504
1481.998056,111.714504
1482.466389,110.746665
1483.463611,109.778826
1483.768333,109.778826
1484.000556,108.810987
1484.293056,108.810987
1484.490833,108.810987
1484.965556,107.843149
1485.270556,106.87531
1485.565,106.87531
1485.804444,106.87531
1486.062778,106.87531
1486.279722,106.87531
1486.490556,106.87531
1487.062778,106.87531
1487.260556,105.907471
1487.775556,104.939632
1487.982222,104.939632
1488.295556,104.939632
1488.4975,104.939632
1488.959444,103.971794
1489.266111,103.971794
1489.505556,103.971794
1489.989167,103.971794
1490.2725,103.971794
1490.465,103.971794
1490.986667,103.003955
1491.185556,103.003955
1491.387778,103.003955
1491.482222,103.003955
1491.779167,103.003955
1491.9775,103.003955
1492.3,103.003955
1492.487778,102.036116
1492.9775,102.036116
1493.233333,102.036116
1493.495,102.036116
1493.4975,102.036116
1494.0625,102.036116
1494.316111,102.036116
1494.507222,102.036116
1494.959722,102.036116
1495.265556,102.036116
1495.565278,102.036116
1495.799444,102.036116
1496.007778,102.036116
1496.301111,101.068278
1496.499167,101.068278
1496.954167,100.100439
1497.257222,101.068278
1497.472778,101.068278
1497.787222,101.068278
1497.978889,100.100439
1498.486667,100.100439
1498.955833,99.1326
1499.215556,99.1326
1499.484167,102.036116
1499.787778,103.003955
1499.985278,103.971794
1500.289167,105.907471
1501.2525,108.810987
1501.485556,108.810987
1501.776111,106.87531
1502.067778,105.907471
1502.298056,105.907471
1502.495556,104.939632
1502.939722,103.971794
1503.220833,103.971794
1503.499444,103.003955
1503.776111,103.003955
1504.062778,102.036116
1504.289167,103.003955
1504.493056,102.036116
1504.929722,102.036116
1505.279167,101.068278
1505.516389,101.068278
1505.798889,101.068278
1506.0575,101.068278
1506.310556,100.100439
1506.565556,100.100439
1506.771944,100.100439
1506.993056,100.100439
1507.495556,100.100439
1507.783611,99.1326
1507.973889,99.1326
1508.301944,99.1326
1508.558056,99.1326
1508.973333,99.1326
1508.982222,99.1326
1509.257778,99.1326
1509.4875,99.1326
1509.761667,98.164761
1510.060556,98.164761
1510.321944,98.164761
1510.511667,98.164761
1510.990556,97.196923
1511.276389,97.196923
1511.466111,97.196923
1511.784167,97.196923
1512.083056,97.196923
1512.340833,97.196923
1512.592778,97.196923
1512.975,97.196923
1513.213056,97.196923
1513.494167,97.196923
1513.800556,97.196923
1514.053611,97.196923
1514.307222,97.196923
1515.250278,96.229084
1515.505278,95.261245
1515.786111,95.261245
1515.981944,95.261245
1516.291111,95.261245
1516.485556,95.261245
1517.001389,95.261245
1517.271944,95.261245
1517.5125,95.261245
1517.797222,95.261245
1517.990833,95.261245
1518.295833,94.293407
1518.515556,95.261245
1518.990556,95.261245
1519.317222,95.261245
1519.515,95.261245
1520.0625,94.293407
1520.333056,95.261245
1520.58,94.293407
1521.056944,94.293407
1521.256111,94.293407
1521.493889,94.293407
1521.777222,94.293407
1521.964444,94.293407
1522.176111,94.293407
1522.269722,94.293407
1522.499444,94.293407
1523.104167,94.293407
1523.2875,94.293407
1523.555556,94.293407
1523.996667,93.325568
1524.278333,93.325568
1524.285,93.325568
1524.574444,93.325568
1524.972222,92.357729
1525.275556,92.357729
1525.506667,92.357729
1525.8025,92.357729
1526.2775,92.357729
1526.497222,92.357729
1527.088611,92.357729
1527.338056,92.357729
1527.584167,92.357729
1527.7775,92.357729
1528.049167,92.357729
1528.293611,92.357729
1528.493889,92.357729
1529.229722,91.38989
1529.820278,92.357729
1530.091111,91.38989
1530.287222,91.38989
1530.473889,91.38989
1530.959167,91.38989
1531.2325,90.422052
1531.483056,90.422052
1531.806389,90.422052
1532.0775,90.422052
1532.316944,90.422052
1532.554167,91.38989
1533.560833,90.422052
1533.779167,90.422052
1533.983056,90.422052
1534.260833,90.422052
1534.496667,89.454213
1535.001111,89.454213
1535.3075,89.454213
1535.572778,90.422052
1536.058889,89.454213
1536.484167,89.454213
1537.406944,89.454213
1537.487222,89.454213
1537.7575,89.454213
1537.982778,89.454213
1538.298056,89.454213
1538.489722,89.454213
1538.998611,89.454213
1539.494167,89.454213
1539.500556,89.454213
1539.764444,89.454213
1539.986667,89.454213
1540.981111,88.486374
1541.258889,88.486374
1541.468889,89.454213
1541.773056,88.486374
1541.998333,88.486374
1542.305,88.486374
1542.502222,88.486374
1542.979444,88.486374
1543.607222,88.486374
1543.806389,88.486374
1543.978889,88.486374
1544.313056,88.486374
1544.569444,88.486374
1545.006667,88.486374
1545.290833,88.486374
1545.504167,88.486374
1545.790833,88.486374
1546.053611,88.486374
1546.295,87.518536
1546.483056,87.518536
1546.989722,87.518536
1547.259167,87.518536
1547.506667,87.518536
1547.797222,87.518536
1548.2925,86.550697
1548.4925,87.518536
1548.995,87.518536
1549.288333,87.518536
1549.564444,87.518536
1549.763333,87.518536
1550.073611,87.518536
1550.283611,87.518536
1550.482778,87.518536
1550.964722,86.550697
1551.256667,87.518536
1551.489722,86.550697
1551.811667,86.550697
1552.058056,87.518536
1552.291389,86.550697
1552.513333,87.518536
1552.969167,86.550697
1553.251389,87.518536
1553.5025,87.518536
1553.807778,86.550697
1553.994444,87.518536
1554.287222,86.550697
1554.487222,86.550697
1554.992222,86.550697
1555.517222,86.550697
1555.789722,86.550697
1556.001111,86.550697
1556.323889,86.550697
1556.566389,86.550697
1557.511944,86.550697
1557.8,86.550697
1558.065278,86.550697
1558.326111,86.550697
1558.565,86.550697
1559.061389,86.550697
1559.3025,86.550697
1559.788333,86.550697
1559.989444,86.550697
1560.273611,86.550697
1560.342778,86.550697
1560.5225,86.550697
1560.958333,86.550697
1561.237222,86.550697
1561.480556,86.550697
1561.786667,86.550697
1562.000278,86.550697
1562.289167,86.550697
1562.484167,86.550697
1562.490833,86.550697
1562.963889,86.550697
1563.251944,85.582858
1563.511667,85.582858
1563.810833,85.582858
1563.9925,85.582858
1564.294167,85.582858
1564.524722,85.582858
1564.980556,86.550697
1565.234444,86.550697
1565.476944,86.550697
1565.774167,86.550697
1565.971111,85.582858
1566.276944,85.582858
1566.478889,85.582858
1567.060833,85.582858
1567.257778,85.582858
1567.497778,85.582858
1567.791944,84.615019
1568.261111,84.615019
1568.506667,86.550697
1568.99,85.582858
1569.261389,85.582858
1569.495556,84.615019
1569.78,85.582858
1570.291944,85.582858
1570.560278,85.582858
1570.962222,85.582858
1571.255833,85.582858
1571.513889,84.615019
1571.795833,85.582858
1572.004444,85.582858
1572.3025,84.615019
1572.487778,85.582858
1572.968889,84.615019
1573.253889,85.582858
1573.508333,84.615019
1573.8225,84.615019
1574.068611,84.615019
1574.326111,84.615019
1574.581389,84.615019
1574.99,84.615019
1575.282778,85.582858
1575.525833,85.582858
1575.665833,85.582858
1575.752222,84.615019
1575.991111,84.615019
1576.306944,84.615019
1576.510278,84.615019
1577.058056,84.615019
1577.2675,84.615019
1577.5125,84.615019
1577.796111,84.615019
1577.802778,84.615019
1577.999444,84.615019
1578.306111,84.615019
1578.594722,84.615019
1578.975,84.615019
1579.280278,84.615019
1579.468056,84.615019
1579.778333,84.615019
1580.059167,84.615019
1580.501389,84.615019
1580.976389,84.615019
1581.266944,84.615019
1581.588611,84.615019
1581.800556,84.615019
1582.000556,84.615019
1582.475,84.615019
1582.981944,84.615019
1583.263333,84.615019
1583.500278,84.615019
1583.786667,84.615019
1583.988056,84.615019
1584.331667,83.647181
1584.513333,83.647181
1585.218056,83.647181
1585.504722,84.615019
1585.791111,84.615019
1585.986389,84.615019
1586.2925,84.615019
1586.479722,84.615019
1586.991111,84.615019
1587.295556,84.615019
1587.568333,83.647181
1587.818056,84.615019
1588.076944,84.615019
1588.321111,84.615019
1588.586389,84.615019
1588.952222,84.615019
1589.231111,84.615019
1589.491389,84.615019
1589.78,84.615019
1590.080556,84.615019
1590.285278,84.615019
1590.523889,83.647181
1590.854444,83.647181
1591.072778,83.647181
1591.353611,84.615019
1591.594167,84.615019
1591.776111,83.647181
1592.086111,83.647181
1592.282778,84.615019
1592.463889,83.647181
1592.986944,83.647181
1592.991944,84.615019
1593.289444,83.647181
1594.058889,83.647181
1594.511389,84.615019
1594.990278,83.647181
1595.278333,84.615019
1595.497778,83.647181
1595.788333,83.647181
1596.0675,84.615019
1596.293889,83.647181
1596.506944,84.615019
1596.972222,83.647181
1597.294722,83.647181
1597.493611,83.647181
1597.765278,83.647181
1598.083333,84.615019
1598.280278,83.647181
1598.498056,83.647181
1599.118611,83.647181
1599.316389,83.647181
1599.585,83.647181
1599.791944,83.647181
1599.983889,83.647181
1600.281667,83.647181
1600.585,83.647181
1600.969444,83.647181
1601.271111,83.647181
1601.569167,83.647181
1601.839167,83.647181
1602.086111,83.647181
1602.288611,83.647181
1602.591944,83.647181
1602.960278,83.647181
1603.233056,83.647181
1603.505556,83.647181
1603.785556,83.647181
1604.002778,83.647181
1604.318056,83.647181
1604.568333,84.615019
1604.985278,83.647181
1605.515278,83.647181
1605.799444,83.647181
1606.152778,83.647181
1606.291389,83.647181
1606.495556,83.647181
1606.989167,83.647181
1607.306111,84.615019
1607.5075,83.647181
1607.81,83.647181
1608.074722,84.615019
1608.33,84.615019
1608.336667,84.615019
1608.600833,83.647181
1608.999722,83.647181
1609.2975,83.647181
1609.481389,83.647181
1609.756944,84.615019
1609.977778,83.647181
1610.296667,83.647181
1610.495556,83.647181
1610.983611,83.647181
1611.225556,83.647181
1611.500556,83.647181
1611.815278,83.647181
1612.058889,83.647181
1612.325833,82.679342
1612.593889,83.647181
1612.971389,83.647181
1613.495556,83.647181
1614.073889,82.679342
1614.294444,83.647181
1614.557778,83.647181
1614.976667,83.647181
1615.272222,83.647181
1615.586389,83.647181
1615.781944,83.647181
1615.983056,83.647181
1616.306389,83.647181
1616.510278,83.647181
1616.977778,83.647181
1617.266389,82.679342
1617.5125,83.647181
1617.832778,83.647181
1618.061389,83.647181
1618.26,83.647181
1618.99,83.647181
1619.278056,83.647181
1619.488611,83.647181
1619.785833,82.679342
1620.074444,83.647181
1620.319444,83.647181
1620.560556,83.647181
1621.073889,83.647181
1621.321111,83.647181
1621.440556,83.647181
1621.579722,83.647181
1622.061389,82.679342
1622.303333,83.647181
1622.498611,83.647181
1622.999167,83.647181
1623.282778,83.647181
1623.5575,83.647181
1623.56,83.647181
1623.810833,83.647181
1624.05,82.679342
1624.305278,82.679342
1625.006111,82.679342
1625.3025,83.647181
1625.516111,82.679342
1625.832222,83.647181
1626.080833,82.679342
1626.295278,82.679342
1626.488056,82.679342
1626.961944,82.679342
1627.207778,82.679342
1627.481111,82.679342
1627.807778,82.679342
1628.109444,82.679342
1628.310556,83.647181
1628.561389,82.679342
1629.082222,82.679342
1629.362222,82.679342
1629.645278,82.679342
1629.827222,82.679342
1629.991389,82.679342
1630.328056,82.679342
1630.58,82.679342
1630.980833,82.679342
1631.295,82.679342
1631.502778,82.679342
1631.774722,82.679342
1632.076389,83.647181
1632.335,83.647181
1632.556389,82.679342
1633.006389,83.647181
1633.273611,82.679342
1633.591111,82.679342
1633.795,83.647181
1634.065,82.679342
1634.308889,83.647181
1634.571389,83.647181
1634.996944,82.679342
1635.295,82.679342
1635.479167,82.679342
1635.789722,82.679342
1636.078889,82.679342
1636.280556,83.647181
1636.434167,83.647181
1636.532222,83.647181
1636.981667,82.679342
1637.303889,82.679342
1637.507778,82.679342
1637.8075,82.679342
1638.003333,82.679342
1638.296111,82.679342
1638.508889,82.679342
1638.511667,82.679342
1638.990278,82.679342
1639.269722,82.679342
1639.564444,82.679342
1639.814167,82.679342
1640.077778,82.679342
1640.375,82.679342
1641.290278,83.647181
1641.476667,83.647181
1641.8,82.679342
1642.055833,82.679342
1642.509444,82.679342
1642.986111,82.679342
1643.316667,82.679342
1643.514444,82.679342
1643.791944,82.679342
1643.996111,82.679342
1644.308333,82.679342
1644.490278,82.679342
1645.065,82.679342
1645.273889,82.679342
1645.568889,82.679342
1645.826667,82.679342
1646.097778,82.679342
1646.483889,82.679342
1647.049722,82.679342
1647.305,82.679342
1647.564722,82.679342
1647.811667,81.711503
1648.079167,82.679342
1648.303333,82.679342
1648.496944,81.711503
1649.058333,82.679342
1649.278611,81.711503
1649.575,81.711503
1649.806944,82.679342
1650.079167,81.711503
1650.295278,82.679342
1650.511944,81.711503
1651.0,81.711503
1651.296667,81.711503
1651.504167,82.679342
1651.66,82.679342
1651.795,82.679342
1651.996389,81.711503
1652.299444,82.679342
1652.495278,82.679342
1653.001944,82.679342
1653.261111,81.711503
1653.56,81.711503
1653.792778,81.711503
1653.795278,82.679342
1654.0875,81.711503
1654.305278,81.711503
1654.508333,82.679342
1655.064167,81.711503
1655.306667,81.711503
1655.515,81.711503
1655.820278,81.711503
1656.090278,81.711503
1656.296944,82.679342
1656.502778,81.711503
1656.994722,82.679342
1657.2925,81.711503
1657.495,81.711503
1657.791111,81.711503
1657.994167,81.711503
1658.318333,82.679342
1659.088056,81.711503
1659.349444,81.711503
1659.540833,81.711503
1659.7975,81.711503
1660.103056,81.711503
1660.301667,81.711503
1660.559722,81.711503
1661.001389,81.711503
1661.306667,81.711503
1661.503889,81.711503
1661.990833,81.711503
1662.288611,81.711503
1662.518056,81.711503
1663.008056,81.711503
1663.303611,81.711503
1663.5075,81.711503
1663.819722,81.711503
1664.081944,81.711503
1664.343889,81.711503
1664.588611,81.711503
1665.085833,81.711503
1665.293611,81.711503
1665.6125,81.711503
1665.83,81.711503
1666.058056,81.711503
1666.300833,81.711503
1666.577222,81.711503
1667.059444,81.711503
1667.583611,82.679342
1667.804722,81.711503
1667.998611,81.711503
1668.328056,81.711503
1668.5975,81.711503
1668.995833,81.711503
1669.297222,81.711503
1669.299722,81.711503
1669.4875,81.711503
1669.795,80.743665
1669.999722,81.711503
1670.313056,81.711503
1670.515,81.711503
1671.151389,80.743665
1671.503611,81.711503
1672.295556,81.711503
1673.173889,81.711503
1673.446944,81.711503
1673.967222,81.711503
1675.316944,81.711503
1677.240833,81.711503
1677.405556,81.711503
1678.240833,81.711503
1679.188889,81.711503
1679.385278,80.743665
1679.811667,81.711503
1681.260833,81.711503
1681.58,80.743665
1682.107222,81.711503
1682.465,81.711503
1683.143056,80.743665
1683.578333,81.711503
1684.087222,81.711503
1684.093889,81.711503
1684.494444,81.711503
1685.239722,80.743665
1686.262222,80.743665
1686.2975,81.711503
1687.2175,80.743665
1687.456111,80.743665
1687.938333,80.743665
1690.130278,81.711503
1690.456111,81.711503
1692.002222,81.711503
1697.481944,80.743665
1699.168333,80.743665
1699.664722,80.743665
1700.175556,80.743665
1701.436389,80.743665
1702.263611,80.743665
1703.474722,80.743665
1703.99,80.743665
1704.4825,80.743665
1707.235278,80.743665
1707.488889,80.743665
1707.9775,80.743665
1709.238889,80.743665
1711.238333,80.743665
1712.092222,80.743665
1712.601111,80.743665
1713.230278,80.743665
1713.820556,80.743665
1716.459722,80.743665
1717.142222,80.743665
1717.540278,80.743665
1718.38,80.743665
1718.389444,80.743665
1718.415556,80.743665
1718.461389,80.743665
1719.123889,80.743665
1720.62,80.743665
1721.355278,80.743665
1721.518611,80.743665
1722.515556,80.743665
1722.623056,80.743665
1725.3425,80.743665
1726.091389,80.743665
1727.073611,80.743665
1727.387778,79.775826
1727.638056,80.743665
1727.821944,80.743665
1729.005,79.775826
1729.8175,80.743665
1731.576111,80.743665
1733.144444,79.775826
1734.074444,80.743665
1734.411111,80.743665
1735.561944,80.743665
1736.323333,80.743665
1736.599167,80.743665
1738.068333,80.743665
1739.346944,79.775826
1740.061667,79.775826
1743.596389,80.743665
1744.106944,79.775826
1744.325,79.775826
1744.519167,79.775826
1745.823333,79.775826
1749.384722,79.775826
1749.810833,80.743665
1750.051111,80.743665
1750.09,80.743665
1751.601389,79.775826
1752.075833,79.775826
1752.0825,80.743665
1752.301667,80.743665
1752.520556,79.775826
1753.09,79.775826
1753.650278,80.743665
1753.849167,80.743665
1754.578056,79.775826
1758.979444,80.743665
1760.047222,79.775826
1760.614722,79.775826
1761.092222,79.775826
1761.117222,79.775826
1761.453889,79.775826
1761.693333,80.743665
1761.899722,78.807987
1762.165,79.775826
1762.373889,79.775826
1762.680833,80.743665
1763.179722,78.807987
1763.400278,79.775826
1763.690556,79.775826
1763.881389,79.775826
1764.133056,79.775826
1764.206944,79.775826
1764.388056,79.775826
1764.646389,79.775826
1764.695,79.775826
1765.228889,79.775826
1765.531944,80.743665
1765.693056,80.743665
1765.954444,80.743665
1766.183056,79.775826
1766.3775,80.743665
1766.631667,79.775826
1766.680833,80.743665
1767.209444,80.743665
1767.389167,80.743665
1767.624444,79.775826
1767.665556,79.775826
1767.894722,80.743665
1768.163889,80.743665
1768.37,80.743665
1768.645833,80.743665
1768.689722,80.743665
1769.2325,79.775826
1769.407222,79.775826
1769.655278,80.743665
1769.68,80.743665
1769.907222,79.775826
1770.190556,79.775826
1770.374722,79.775826
1770.6275,79.775826
1770.719722,79.775826
1771.220556,79.775826
1771.418889,80.743665
1771.676944,79.775826
1771.867778,80.743665
1772.131111,79.775826
1772.191944,79.775826
1772.393889,79.775826
1772.660278,79.775826
1772.704444,80.743665
1773.167778,79.775826
1773.366944,80.743665
1773.616111,80.743665
1773.724167,79.775826
1773.949722,79.775826
1774.171944,80.743665
1774.386389,79.775826
1774.648611,80.743665
1774.696389,80.743665
1775.187778,79.775826
1775.409444,79.775826
1775.660556,80.743665
1775.685833,80.743665
1775.901111,79.775826
1776.187778,79.775826
1776.394722,80.743665
1776.642778,80.743665
1776.686667,80.743665
1777.180278,79.775826
1777.370278,79.775826
1777.628333,79.775826
1777.694444,79.775826
1777.921944,79.775826
1778.178889,79.775826
1778.390833,80.743665
1778.644444,80.743665
1778.688889,80.743665
1779.193611,79.775826
1779.396389,79.775826
1779.666111,79.775826
1779.875,80.743665
1780.118333,80.743665
1780.186944,79.775826
1780.434444,79.775826
1780.691111,79.775826
1781.233889,79.775826
1781.3975,80.743665
1781.641944,80.743665
1781.667778,80.743665
1781.898333,79.775826
1782.150833,80.743665
1782.180556,79.775826
1782.412778,79.775826
1782.653889,80.743665
1782.698333,80.743665
1783.365,79.775826
1783.39,79.775826
1783.649167,79.775826
1783.682778,80.743665
1783.886389,80.743665
1784.166667,80.743665
1784.408611,80.743665
1784.685,79.775826
1784.988889,79.775826
1785.165833,80.743665
1785.385556,80.743665
1785.621667,80.743665
1785.6525,79.775826
1785.883333,79.775826
1785.916389,79.775826
1786.176111,80.743665
1786.399444,80.743665
1786.646944,80.743665
1786.695,80.743665
1787.159444,79.775826
1787.363611,79.775826
1787.406667,79.775826
1787.663611,80.743665
1787.693056,80.743665
1787.898333,79.775826
1788.178611,79.775826
1788.395278,80.743665
1788.685556,79.775826
1789.221667,80.743665
1789.425278,80.743665
1789.670278,80.743665
1789.882222,79.775826
1790.147222,79.775826
1790.221667,79.775826
1790.390833,79.775826
1790.641944,80.743665
1790.69,80.743665
1791.168889,80.743665
1791.373611,79.775826
1791.634722,80.743665
1791.701111,80.743665
1791.853889,79.775826
1792.130833,79.775826
1792.196111,79.775826
1792.415833,79.775826
1792.663056,79.775826
1792.7075,79.775826
1793.385833,79.775826
1793.419444,79.775826
1793.694722,80.743665
1793.885,80.743665
1794.145278,80.743665
1794.170278,80.743665
1794.385833,79.775826
1794.635556,80.743665
1794.680556,80.743665
1795.150278,80.743665
1795.359444,80.743665
1795.384444,80.743665
1795.646389,79.775826
1795.673056,79.775826
1795.885556,80.743665
1796.161667,80.743665
1796.388333,80.743665
1796.628333,80.743665
1796.653889,80.743665
1796.7025,80.743665
1797.381111,80.743665
1797.41,80.743665
1797.667222,80.743665
1797.8775,80.743665
1798.160556,80.743665
1798.225278,80.743665
1798.408333,80.743665
1798.692778,80.743665
1799.173611,80.743665
1799.372222,80.743665
1799.636389,81.711503
1799.701389,80.743665
1799.867778,80.743665
1800.136111,80.743665
1800.159722,81.711503
1800.225278,81.711503
1800.395,81.711503
1800.631111,81.711503
1800.656389,81.711503
1800.701111,81.711503
1801.411944,80.743665
1801.664444,80.743665
1801.879167,80.743665
1802.181389,80.743665
1802.317778,80.743665
1802.383611,80.743665
1802.652778,80.743665
1802.697222,80.743665
1803.2175,80.743665
1803.428611,81.711503
1803.659167,80.743665
1803.855833,80.743665
1803.889444,80.743665
1804.141389,80.743665
1804.167222,80.743665
1804.385556,81.711503
1804.651944,81.711503
1804.696111,81.711503
1805.173889,80.743665
1805.362222,80.743665
1805.610278,80.743665
1805.688889,80.743665
1805.891389,81.711503
1806.158056,81.711503
1806.183056,81.711503
1806.388333,81.711503
1806.621111,81.711503
1806.646111,80.743665
1806.694167,81.711503
1807.353333,80.743665
1807.423333,80.743665
1807.680278,80.743665
1807.876389,80.743665
1808.141944,80.743665
1808.211944,80.743665
1808.372222,80.743665
1808.622222,80.743665
1808.706667,80.743665
1809.238333,80.743665
1809.451111,80.743665
1809.694167,80.743665
1809.870556,80.743665
1810.1275,81.711503
1810.196667,81.711503
1810.361111,80.743665
1810.626944,81.711503
1810.703333,80.743665
1811.178889,80.743665
1811.386667,80.743665
1811.639167,80.743665
1811.664722,80.743665
1811.895556,80.743665
1812.158056,81.711503
1812.183889,81.711503
1812.378889,80.743665
1812.622222,80.743665
1812.714722,80.743665
1813.215278,80.743665
1813.424167,80.743665
1813.666667,80.743665
1813.870556,80.743665
1814.1075,80.743665
1814.174444,80.743665
1814.389722,80.743665
1814.642778,80.743665
1814.686667,80.743665
1815.200833,81.711503
1815.422778,80.743665
1815.51,80.743665
1815.683889,80.743665
1815.885556,81.711503
1816.15,80.743665
1816.176111,80.743665
1816.398611,81.711503
1816.684167,81.711503
1817.197222,81.711503
1817.390278,80.743665
1817.530278,80.743665
1817.658611,80.743665
1817.688333,80.743665
1817.883611,80.743665
1818.154444,80.743665
1818.231944,80.743665
1818.405278,81.711503
1818.651944,80.743665
1818.700556,80.743665
1819.188611,80.743665
1819.408333,81.711503
1819.656944,80.743665
1819.685833,80.743665
1819.872778,80.743665
1820.146111,80.743665
1820.216944,80.743665
1820.3775,80.743665
1820.628333,80.743665
1820.713611,80.743665
1821.213611,80.743665
1821.410556,80.743665
1821.661389,80.743665
1821.873333,80.743665
1822.140278,80.743665
1822.202222,80.743665
1822.370556,80.743665
1822.631667,80.743665
1822.719722,81.711503
1823.221111,81.711503
1823.452222,80.743665
1823.681944,80.743665
1823.885,80.743665
1824.133056,80.743665
1824.163056,81.711503
1824.363611,80.743665
1824.639167,80.743665
1824.683611,80.743665
1825.163611,80.743665
1825.369722,80.743665
1825.617222,80.743665
1825.6775,80.743665
1825.881111,80.743665
1826.14,80.743665
1826.2025,80.743665
1826.371944,80.743665
1826.630556,80.743665
1826.706111,80.743665
1827.220833,80.743665
1827.411389,80.743665
1827.666667,80.743665
1827.870278,80.743665
1828.137222,80.743665
1828.206389,80.743665
1828.385,80.743665
1828.649722,80.743665
1828.694444,80.743665
1829.170278,80.743665
1829.373333,80.743665
1829.626389,80.743665
1829.691667,80.743665
1829.887778,80.743665
1830.125556,80.743665
1830.138611,81.711503
1830.172778,81.711503
1830.390556,80.743665
1830.617778,80.743665
1830.642778,80.743665
1830.691389,81.711503
1831.370556,80.743665
1831.395556,80.743665
1831.645278,80.743665
1831.670278,80.743665
1831.871944,80.743665
1832.123611,80.743665
1832.179722,80.743665
1832.318333,80.743665
1832.391389,80.743665
1832.640278,81.711503
1832.684444,80.743665
1833.171944,80.743665
1833.365556,80.743665
1833.619722,80.743665
1833.688611,80.743665
1833.894444,80.743665
1834.154444,80.743665
1834.18,80.743665
1834.376389,80.743665
1834.611111,81.711503
1834.703056,80.743665
1835.240556,80.743665
1835.456111,80.743665
1835.67,80.743665
1835.845,80.743665
1836.065556,80.743665
1836.151389,80.743665
1836.380556,80.743665
1836.405556,80.743665
1836.651389,80.743665
1836.701111,80.743665
1837.168056,80.743665
1837.382222,80.743665
1837.639167,80.743665
1837.703333,80.743665
1837.886389,80.743665
1838.127778,80.743665
1838.152778,80.743665
1838.355,80.743665
1838.38,80.743665
1838.633889,80.743665
1838.681944,80.743665
1839.183056,80.743665
1839.385278,80.743665
1839.629167,80.743665
1839.655278,80.743665
1839.848333,80.743665
1839.873889,80.743665
1840.118889,80.743665
1840.183611,80.743665
1840.394167,80.743665
1840.653611,80.743665
1840.698056,80.743665
1841.176389,80.743665
1841.381667,80.743665
1841.650278,80.743665
1841.710833,80.743665
1841.862222,80.743665
1842.11,80.743665
1842.188056,80.743665
1842.376667,80.743665
1842.643889,80.743665
1842.691944,80.743665
1843.261944,80.743665
1843.426389,80.743665
1843.660278,80.743665
1843.877222,80.743665
1843.9025,80.743665
1844.147222,80.743665
1844.176667,80.743665
1844.378611,80.743665
1844.619167,80.743665
1844.698056,80.743665
1845.195,80.743665
1845.400833,80.743665
1845.450833,80.743665
1845.650833,80.743665
1845.675833,80.743665
1845.891389,80.743665
1846.157222,80.743665
1846.182222,80.743665
1846.378889,80.743665
1846.621944,80.743665
1846.715833,80.743665
1847.198889,80.743665
1847.404167,80.743665
1847.5175,80.743665
1847.623333,80.743665
1847.653333,80.743665
1847.865278,80.743665
1847.890833,80.743665
1848.164167,80.743665
1848.367222,80.743665
1848.616667,80.743665
1848.701944,80.743665
1849.183056,80.743665
1849.405833,80.743665
1849.665556,80.743665
1849.859444,80.743665
1850.126944,80.743665
1850.200556,80.743665
1850.405556,80.743665
1850.639167,80.743665
1850.683056,80.743665
1851.187778,80.743665
1851.406389,80.743665
1851.670278,80.743665
1851.895556,80.743665
1852.150556,80.743665
1852.176389,80.743665
1852.408056,80.743665
1852.654444,80.743665
1852.698333,80.743665
1853.207222,80.743665
1853.419444,80.743665
1853.668611,80.743665
1853.886667,80.743665
1854.137778,80.743665
1854.162778,80.743665
1854.363056,80.743665
1854.618611,80.743665
1854.701667,80.743665
1855.195,80.743665
1855.407222,80.743665
1855.670278,80.743665
1855.848889,80.743665
1856.091389,80.743665
1856.151667,80.743665
1856.340556,80.743665
1856.365278,80.743665
1856.596389,80.743665
1856.680556,80.743665
1857.165833,80.743665
1857.369722,80.743665
1857.625,80.743665
1857.691111,80.743665
1857.912222,80.743665
1858.167778,80.743665
1858.381667,80.743665
1858.613056,80.743665
1858.697778,80.743665
1859.183056,80.743665
1859.380556,80.743665
1859.651667,80.743665
1859.721389,80.743665
1859.875278,80.743665
1860.146111,80.743665
1860.223056,80.743665
1860.395556,80.743665
1860.656667,80.743665
1860.671667,80.743665
1860.701111,80.743665
1861.196111,80.743665
1861.404722,80.743665
1861.645556,80.743665
1861.675833,80.743665
1861.903333,80.743665
1862.193333,80.743665
1862.373611,80.743665
1862.628056,80.743665
1862.711667,81.711503
1863.069722,81.711503
1863.19,80.743665
1863.405833,80.743665
1863.673333,80.743665
1863.901944,80.743665
1864.164444,80.743665
1864.392222,80.743665
1864.663333,80.743665
1864.71,80.743665
1865.225278,80.743665
1865.437778,80.743665
1865.656111,80.743665
1865.868889,80.743665
1865.893889,80.743665
1866.125833,80.743665
1866.151389,80.743665
1866.3625,80.743665
1866.3875,80.743665
1866.683889,80.743665
1867.159444,80.743665
1867.346667,80.743665
1867.376111,80.743665
1867.633333,80.743665
1867.698056,80.743665
1867.908611,80.743665
1868.156389,80.743665
1868.186111,80.743665
1868.400833,80.743665
1868.687778,80.743665
1869.190556,80.743665
1869.390833,80.743665
1869.638889,80.743665
1869.663889,80.743665
1869.864167,80.743665
1870.155278,80.743665
1870.221111,80.743665
1870.411389,80.743665
1870.681667,80.743665
1871.206667,80.743665
1871.412778,80.743665
1871.666389,80.743665
1871.889167,80.743665
1872.135,80.743665
1872.169167,80.743665
1872.361389,80.743665
1872.601111,80.743665
1872.690278,80.743665
1873.24,80.743665
1873.427778,80.743665
1873.676667,80.743665
1873.887778,80.743665
1874.151944,80.743665
1874.181667,80.743665
1874.390833,80.743665
1874.621389,80.743665
1874.646389,80.743665
1874.690278,80.743665
1875.399444,80.743665
1875.428333,80.743665
1875.709167,80.743665
1875.901389,80.743665
1876.135556,80.743665
1876.161111,80.743665
1876.371389,80.743665
1876.689444,80.743665
1877.256111,80.743665
1877.468611,80.743665
1877.673889,80.743665
1877.892222,80.743665
1878.134444,80.743665
1878.16,80.743665
1878.386111,80.743665
1878.415833,80.743665
1878.698333,80.743665
1879.230556,80.743665
1879.417778,80.743665
1879.665278,80.743665
1879.858611,80.743665
1880.097778,80.743665
1880.158889,80.743665
1880.355,80.743665
1880.38,80.743665
1880.648056,80.743665
1880.696111,80.743665
1881.216667,80.743665
1881.393333,80.743665
1881.617778,80.743665
1881.654722,80.743665
1881.866667,80.743665
1881.892222,80.743665
1882.149722,80.743665
1882.175278,80.743665
1882.387222,79.775826
1882.684444,80.743665
1883.206667,80.743665
1883.393611,80.743665
1883.654722,79.775826
1883.68,79.775826
1883.906944,80.743665
1884.180833,80.743665
1884.198333,80.743665
1884.389167,80.743665
1884.65,80.743665
1884.7025,81.711503
1885.2225,80.743665
1885.442222,80.743665
1885.687778,80.743665
1885.882778,80.743665
1886.133889,80.743665
1886.203611,80.743665
1886.337222,80.743665
1886.420278,80.743665
1886.689444,80.743665
1886.906111,80.743665
1887.243333,80.743665
1887.458611,80.743665
1887.671389,80.743665
1887.876389,80.743665
1888.137778,80.743665
1888.194722,80.743665
1888.381111,80.743665
1888.64,80.743665
1888.688611,80.743665
1889.260278,80.743665
1889.434444,80.743665
1889.685278,80.743665
1889.873333,80.743665
1890.141944,80.743665
1890.204167,80.743665
1890.393611,80.743665
1890.681111,80.743665
1891.188056,80.743665
1891.393889,80.743665
1891.650556,80.743665
1891.68,80.743665
1891.916389,80.743665
1892.203056,80.743665
1892.376667,80.743665
1892.643333,80.743665
1892.695278,80.743665
1893.230833,80.743665
1893.390556,80.743665
1893.687778,80.743665
1893.882222,80.743665
1894.144722,80.743665
1894.213056,80.743665
1894.363056,80.743665
1894.628611,80.743665
1894.713333,80.743665
1895.235833,80.743665
1895.439722,80.743665
1895.672778,80.743665
1895.839722,80.743665
1896.061111,80.743665
1896.156667,80.743665
1896.361944,80.743665
1896.387778,80.743665
1896.658056,80.743665
1896.701944,80.743665
1897.193611,80.743665
1897.386389,80.743665
1897.623889,80.743665
1897.648889,80.743665
1897.855278,80.743665
1897.884167,80.743665
1898.153333,80.743665
1898.178056,80.743665
1898.384167,80.743665
1898.626111,80.743665
1898.6525,80.743665
1898.696389,80.743665
1899.356111,80.743665
1899.385278,80.743665
1899.400278,80.743665
1899.651389,80.743665
1899.676389,80.743665
1899.884167,80.743665
1900.140556,80.743665
1900.208611,80.743665
1900.374722,80.743665
1900.612778,80.743665
1900.698056,80.743665
1901.1925,81.711503
1901.396667,81.711503
1901.575278,81.711503
1901.661667,80.743665
1901.881111,80.743665
1902.148611,80.743665
1902.212222,80.743665
1902.367222,80.743665
1902.611111,80.743665
1902.696389,80.743665
1903.19,80.743665
1903.384722,80.743665
1903.645556,80.743665
1903.670556,80.743665
1903.878611,80.743665
1904.137778,80.743665
1904.219167,80.743665
1904.386667,80.743665
1904.624167,80.743665
1904.649167,80.743665
1904.693611,80.743665
1905.343889,80.743665
1905.368611,80.743665
1905.623611,80.743665
1905.689444,80.743665
1905.899167,80.743665
1906.157222,80.743665
1906.182222,80.743665
1906.389722,80.743665
1906.651111,80.743665
1906.699167,80.743665
1907.174444,80.743665
1907.368333,80.743665
1907.638333,80.743665
1907.709444,80.743665
1907.881389,80.743665
1908.151667,80.743665
1908.214167,80.743665
1908.385278,80.743665
1908.649167,80.743665
1908.693333,80.743665
1909.191389,80.743665
1909.404722,80.743665
1909.663333,80.743665
1909.895833,80.743665
1910.155,80.743665
1910.180833,80.743665
1910.386944,80.743665
1910.643333,80.743665
1910.687222,80.743665
1911.208333,80.743665
1911.438611,80.743665
1911.660278,80.743665
1911.8725,80.743665
1911.8975,80.743665
1912.184444,80.743665
1912.395,80.743665
1912.646667,80.743665
1912.694722,80.743665
1913.205833,80.743665
1913.426389,80.743665
1913.7,80.743665
1913.910278,80.743665
1914.189722,80.743665
1914.405556,80.743665
1914.640556,80.743665
1914.684444,80.743665
1914.731111,80.743665
1915.191389,80.743665
1915.416389,80.743665
1915.667778,80.743665
1915.8875,80.743665
1916.153333,80.743665
1916.1975,80.743665
1916.4025,80.743665
1916.691389,80.743665
1916.993611,80.743665
1917.195556,80.743665
1917.412222,79.775826
1917.687778,80.743665
1917.909722,80.743665
1918.164167,80.743665
1918.202778,80.743665
1918.411389,80.743665
1918.444167,80.743665
1918.479167,80.743665
1918.705,80.743665
1919.294722,79.775826
1919.435833,80.743665
1919.705278,80.743665
1919.915556,80.743665
1920.191944,80.743665
1920.403889,80.743665
1920.682222,80.743665
1921.210556,80.743665
1921.413889,80.743665
1921.683056,80.743665
1921.867778,80.743665
1922.152222,80.743665
1922.221389,80.743665
1922.396667,80.743665
1922.661389,80.743665
1922.71,80.743665
1923.216667,80.743665
1923.438333,80.743665
1923.687222,80.743665
1923.893056,80.743665
1924.185833,80.743665
1924.406667,80.743665
1924.693333,80.743665
1925.237778,80.743665
1925.4525,80.743665
1925.700556,80.743665
1925.894444,80.743665
1926.178056,80.743665
1926.411389,80.743665
1926.696667,80.743665
1927.205833,80.743665
1927.402778,80.743665
1927.6625,80.743665
1927.871667,80.743665
1928.153333,80.743665
1928.236667,80.743665
1928.392778,80.743665
1928.663889,80.743665
1928.7125,80.743665
1929.226667,80.743665
1929.4575,80.743665
1929.706111,80.743665
1929.918611,80.743665
1929.988056,80.743665
1930.181667,80.743665
1930.386667,80.743665
1930.645,80.743665
1930.6925,80.743665
1931.205278,80.743665
1931.423333,80.743665
1931.6725,80.743665
1931.814444,80.743665
1931.908333,80.743665
1932.101389,80.743665
1932.190278,80.743665
1932.369167,80.743665
1932.637778,80.743665
1932.682778,80.743665
1933.234722,80.743665
1933.410833,80.743665
1933.645833,80.743665
1933.814444,80.743665
1933.848889,80.743665
1934.068056,80.743665
1934.138056,80.743665
1934.312222,80.743665
1934.337222,80.743665
1934.566944,80.743665
1934.6525,80.743665
1934.696389,80.743665
1935.276389,80.743665
1935.351944,80.743665
1935.53,80.743665
1935.641667,80.743665
1935.824444,80.743665
1935.854167,80.743665
1936.093056,80.743665
1936.15,80.743665
1936.339444,80.743665
1936.371111,80.743665
1936.584444,80.743665
1936.651111,80.743665
1936.707222,80.743665
1937.283889,80.743665
1937.339722,80.743665
1937.516389,80.743665
1937.667222,80.743665
1937.84,80.743665
1938.001389,80.743665
1938.1225,80.743665
1938.296667,80.743665
1938.352778,80.743665
1938.524167,80.743665
1938.634722,80.743665
1938.68,80.743665
1939.231111,80.743665
1939.352778,79.775826
1939.522778,79.775826
1939.626667,79.775826
1939.799167,80.743665
1939.8525,80.743665
1940.077778,80.743665
1940.131389,80.743665
1940.303056,80.743665
1940.329444,80.743665
1940.515556,80.743665
1940.6825,80.743665
1941.134444,80.743665
1941.301944,80.743665
1941.357778,80.743665
1941.567778,80.743665
1941.633889,80.743665
1941.826389,80.743665
1941.852778,80.743665
1942.078889,80.743665
1942.130833,80.743665
1942.325,80.743665
1942.383056,80.743665
1942.603333,80.743665
1942.66,80.743665
1942.703889,80.743665
1943.280278,80.743665
1943.365278,80.743665
1943.575833,80.743665
1943.628611,80.743665
1943.812778,80.743665
1943.868889,80.743665
1944.099167,80.743665
1944.155833,80.743665
1944.328056,80.743665
1944.362222,80.743665
1944.523889,80.743665
1944.622222,80.743665
1944.693889,79.775826
1945.255,80.743665
1945.343889,80.743665
1945.395,80.743665
1945.5775,80.743665
1945.644167,80.743665
1945.819167,80.743665
1945.844722,80.743665
1946.068889,80.743665
1946.135278,80.743665
1946.317222,81.711503
1946.342222,80.743665
1946.516944,80.743665
1946.640833,80.743665
1946.688611,80.743665
1947.231111,80.743665
1947.343889,80.743665
1947.441944,80.743665
1947.516944,80.743665
1947.634167,80.743665
1947.808333,79.775826
1947.834444,79.775826
1948.068056,80.743665
1948.167222,80.743665
1948.3425,80.743665
1948.571667,80.743665
1948.642222,80.743665
1948.686944,80.743665
1949.258611,80.743665
1949.36,80.743665
1949.523611,80.743665
1949.620278,80.743665
1949.805833,80.743665
1949.862778,80.743665
1950.086111,80.743665
1950.143889,80.743665
1950.336667,80.743665
1950.3625,80.743665
1950.601667,80.743665
1950.681389,80.743665
1951.122778,80.743665
1951.298056,79.775826
1951.35,79.775826
1951.543333,80.743665
1951.656944,80.743665
1951.838333,80.743665
1951.864444,80.743665
1952.105278,80.743665
1952.1675,80.743665
1952.347778,80.743665
1952.528333,80.743665
1952.646944,79.775826
1952.691944,79.775826
1953.299167,80.743665
1953.355833,80.743665
1953.528611,80.743665
1953.639444,80.743665
1953.818333,80.743665
1953.843333,79.775826
1954.081111,80.743665
1954.156111,80.743665
1954.321389,80.743665
1954.350278,80.743665
1954.573056,80.743665
1954.640833,80.743665
1954.690278,80.743665
1955.264167,80.743665
1955.338889,80.743665
1955.521944,80.743665
1955.661667,79.775826
1955.844167,80.743665
1956.066944,80.743665
1956.134167,80.743665
1956.315833,79.775826
1956.343333,79.775826
1956.505278,80.743665
1956.610278,80.743665
1956.680833,80.743665
1957.217222,80.743665
1957.334167,80.743665
1957.504722,80.743665
1957.6275,80.743665
1957.805278,79.775826
1957.865,79.775826
1958.101667,79.775826
1958.154722,79.775826
1958.333611,80.743665
1958.366944,80.743665
1958.576389,80.743665
1958.632222,80.743665
1958.684722,80.743665
1959.241111,80.743665
1959.366111,80.743665
1959.605278,80.743665
1959.658889,80.743665
1959.831389,80.743665
1959.856667,80.743665
1960.079444,80.743665
1960.140556,80.743665
1960.314167,80.743665
1960.339167,80.743665
1960.354444,80.743665
1960.515833,80.743665
1960.651667,80.743665
1960.695833,80.743665
1961.261667,80.743665
1961.359444,80.743665
1961.575,80.743665
1961.627222,80.743665
1961.806944,80.743665
1961.859167,80.743665
1962.0775,80.743665
1962.14,80.743665
1962.3425,80.743665
1962.369722,80.743665
1962.482778,80.743665
1962.597778,80.743665
1962.65,80.743665
1962.695,80.743665
1963.276389,80.743665
1963.342778,80.743665
1963.511389,80.743665
1963.616944,80.743665
1963.791667,80.743665
1963.844167,80.743665
1964.08,79.775826
1964.158611,79.775826
1964.342778,79.775826
1964.372778,79.775826
1964.604444,80.743665
1964.657778,80.743665
1964.701667,80.743665
1965.261111,80.743665
1965.359167,80.743665
1965.530278,80.743665
1965.633889,80.743665
1965.810278,80.743665
1965.836944,80.743665
1966.058611,79.775826
1966.153611,79.775826
1966.323611,79.775826
1966.348611,80.743665
1966.5575,80.743665
1966.625556,80.743665
1966.696944,80.743665
1967.236111,79.775826
1967.35,79.775826
1967.526389,79.775826
1967.626389,79.775826
1967.791111,79.775826
1967.842778,79.775826
1968.061944,80.743665
1968.16,80.743665
1968.345,80.743665
1968.37,80.743665
1968.581944,80.743665
1968.638056,80.743665
1968.682778,80.743665
1969.235,79.775826
1969.349167,79.775826
1969.581111,80.743665
1969.634722,80.743665
1969.807222,80.743665
1969.832222,80.743665
1970.005556,80.743665
1970.151111,80.743665
1970.323611,80.743665
1970.353056,80.743665
1970.533056,80.743665
1970.650278,80.743665
1970.698333,79.775826
1971.2475,80.743665
1971.343611,80.743665
1971.517222,80.743665
1971.640833,79.775826
1971.815833,80.743665
1971.840833,79.775826
1972.070833,80.743665
1972.163333,80.743665
1972.339167,80.743665
1972.57,80.743665
1972.639722,79.775826
1972.685278,79.775826
1973.238056,80.743665
1973.346944,80.743665
1973.526111,80.743665
1973.634167,80.743665
1973.806389,80.743665
1973.837778,80.743665
1974.065278,80.743665
1974.154444,80.743665
1974.336667,80.743665
1974.365833,80.743665
1974.603333,80.743665
1974.655278,80.743665
1974.703333,80.743665
1975.308333,79.775826
1975.360556,80.743665
1975.375556,80.743665
1975.601667,79.775826
1975.659444,80.743665
1975.843889,80.743665
1975.868889,80.743665
1976.118611,80.743665
1976.176111,80.743665
1976.351111,80.743665
1976.572778,80.743665
1976.645833,80.743665
1976.689722,80.743665
1977.283333,80.743665
1977.335833,80.743665
1977.453611,80.743665
1977.5775,80.743665
1977.665,80.743665
1977.8525,79.775826
1978.0925,79.775826
1978.170278,80.743665
1978.340556,80.743665
1978.527778,80.743665
1978.653056,79.775826
1978.701667,79.775826
1979.295556,79.775826
1979.3525,79.775826
1979.555556,79.775826
1979.628056,79.775826
1979.801667,80.743665
1979.860833,80.743665
1980.090556,80.743665
1980.143611,80.743665
1980.318333,80.743665
1980.343889,80.743665
1980.5725,79.775826
1980.648889,79.775826
1980.693056,79.775826
1981.266667,79.775826
1981.336667,80.743665
1981.520556,80.743665
1981.66,80.743665
1981.823333,80.743665
1981.849167,80.743665
1982.081944,80.743665
1982.136944,80.743665
1982.308611,80.743665
1982.338611,79.775826
1982.521944,79.775826
1982.653611,79.775826
1982.701667,79.775826
1983.264722,80.743665
1983.348611,79.775826
1983.528333,80.743665
1983.636944,80.743665
1983.829722,80.743665
1983.859167,80.743665
1984.103056,80.743665
1984.164167,80.743665
1984.358889,79.775826
1984.393333,79.775826
1984.648889,79.775826
1984.707222,79.775826
1985.128056,80.743665
1985.315,80.743665
1985.376111,80.743665
1985.5575,80.743665
1985.66,80.743665
1985.841944,79.775826
1985.870833,79.775826
1986.112778,79.775826
1986.164722,79.775826
1986.36,80.743665
1986.586389,79.775826
1986.638611,79.775826
1986.687222,79.775826
1987.236389,79.775826
1987.35,79.775826
1987.575556,80.743665
1987.650833,80.743665
1987.8275,79.775826
1987.857222,79.775826
1988.082222,80.743665
1988.153611,80.743665
1988.343333,79.775826
1988.376944,79.775826
1988.591944,80.743665
1988.644722,79.775826
1988.693611,79.775826
1989.288333,79.775826
1989.354444,79.775826
1989.538056,79.775826
1989.632778,79.775826
1989.827222,79.775826
1989.883611,79.775826
1990.123889,79.775826
1990.189444,79.775826
1990.353889,79.775826
1990.376944,79.775826
1990.603611,79.775826
1990.659444,79.775826
1990.707778,79.775826
1991.288889,80.743665
1991.355,80.743665
1991.573889,80.743665
1991.630278,80.743665
1991.810278,80.743665
1991.836389,80.743665
1992.061944,80.743665
1992.1525,79.775826
1992.328333,79.775826
1992.355833,79.775826
1992.473333,79.775826
1992.574444,79.775826
1992.635278,79.775826
1992.683889,79.775826
1993.2575,79.775826
1993.350556,79.775826
1993.591944,79.775826
1993.648611,78.807987
1993.833889,79.775826
1993.859167,79.775826
1994.087778,78.807987
1994.145556,79.775826
1994.318333,80.743665
1994.343056,80.743665
1994.517222,79.775826
1994.630833,79.775826
1994.68,79.775826
1995.269722,80.743665
1995.366389,79.775826
1995.5475,79.775826
1995.646944,79.775826
1995.831111,79.775826
1995.856111,80.743665
1996.08,79.775826
1996.15,79.775826
1996.328611,80.743665
1996.3575,79.775826
1996.585278,80.743665
1996.645278,79.775826
1996.689167,80.743665
1997.258333,80.743665
1997.349722,80.743665
1997.517778,80.743665
1997.631111,79.775826
1997.799444,79.775826
1997.829722,79.775826
1998.0775,79.775826
1998.185278,79.775826
1998.3625,79.775826
1998.593333,80.743665
1998.646111,79.775826
1998.690833,80.743665
1999.262222,79.775826
1999.333333,79.775826
1999.505556,80.743665
1999.635278,79.775826
1999.837778,80.743665
1999.863611,80.743665
2000.081944,79.775826
2000.138889,80.743665
2000.322222,80.743665
2000.347222,80.743665
2000.521389,80.743665
2000.630833,80.743665
2000.68,80.743665
2001.257222,79.775826
2001.358056,79.775826
2001.525833,80.743665
2001.630278,80.743665
2001.818333,79.775826
2001.874167,80.743665
2002.088333,79.775826
2002.147778,80.743665
2002.331389,80.743665
2002.360556,80.743665
2002.595556,79.775826
2002.648056,79.775826
2002.693056,79.775826
2003.271944,80.743665
2003.360278,79.775826
2003.590278,80.743665
2003.643056,79.775826
2003.818333,79.775826
2003.843333,79.775826
2004.068333,79.775826
2004.141111,79.775826
2004.319722,79.775826
2004.345,79.775826
2004.5725,79.775826
2004.639444,79.775826
2004.683889,79.775826
2005.287778,79.775826
2005.344167,79.775826
2005.354722,79.775826
2005.567222,80.743665
2005.635833,79.775826
2005.819444,79.775826
2005.844722,79.775826
2006.008333,79.775826
2006.121111,79.775826
2006.3025,79.775826
2006.363611,79.775826
2006.582778,80.743665
2006.635278,80.743665
2006.683611,80.743665
2007.236389,79.775826
2007.350556,80.743665
2007.445833,80.743665
2007.516111,80.743665
2007.644722,79.775826
2007.818889,79.775826
2007.848889,79.775826
2008.074722,78.807987
2008.148333,79.775826
2008.3325,79.775826
2008.358056,79.775826
2008.596111,79.775826
2008.648611,79.775826
2008.692778,79.775826
2009.242778,79.775826
2009.356111,79.775826
2009.583056,79.775826
2009.658056,79.775826
2009.843056,79.775826
2009.870833,79.775826
2010.106389,79.775826
2010.166389,79.775826
2010.359167,79.775826
2010.601111,79.775826
2010.681111,79.775826
2011.103889,79.775826
2011.292222,79.775826
2011.366111,79.775826
2011.600278,79.775826
2011.656111,79.775826
2011.835278,79.775826
2011.860556,79.775826
2012.073889,79.775826
2012.126667,79.775826
2012.313333,79.775826
2012.374444,79.775826
2012.608889,79.775826
2012.680556,78.807987
2013.092778,79.775826
2013.287222,79.775826
2013.361667,79.775826
2013.585278,79.775826
2013.637778,79.775826
2013.819444,79.775826
2013.848333,79.775826
2014.089167,79.775826
2014.155,79.775826
2014.338611,79.775826
2014.366389,79.775826
2014.584722,79.775826
2014.649722,79.775826
2014.694167,79.775826
2015.248889,79.775826
2015.338333,79.775826
2015.525,79.775826
2015.646667,78.807987
2015.816111,79.775826
2015.841111,79.775826
2016.072222,79.775826
2016.143611,79.775826
2016.335833,79.775826
2016.361944,79.775826
2016.575278,79.775826
2016.635278,79.775826
2016.684444,79.775826
2017.246944,79.775826
2017.359444,79.775826
2017.533056,79.775826
2017.625556,79.775826
2017.802778,79.775826
2017.858611,79.775826
2018.100833,79.775826
2018.159444,79.775826
2018.3525,79.775826
2018.38,79.775826
2018.609167,79.775826
2018.683889,79.775826
2019.1125,79.775826
2019.285556,79.775826
2019.341389,79.775826
2019.542222,79.775826
2019.676111,79.775826
2019.863889,79.775826
2020.0825,79.775826
2020.144167,79.775826
2020.331667,79.775826
2020.356667,79.775826
2020.371944,79.775826
2020.573333,79.775826
2020.64,79.775826
2020.684167,79.775826
2021.2525,79.775826
2021.343333,79.775826
2021.510833,79.775826
2021.625,79.775826
2021.809444,79.775826
2021.865556,79.775826
2022.088889,79.775826
2022.147778,79.775826
2022.32,79.775826
2022.345278,79.775826
2022.450833,79.775826
2022.515556,79.775826
2022.623889,79.775826
2022.701944,78.807987
2023.253056,79.775826
2023.346944,79.775826
2023.517778,79.775826
2023.635,78.807987
2023.811944,79.775826
2023.836944,79.775826
2024.065,78.807987
2024.152222,79.775826
2024.327778,79.775826
2024.352778,79.775826
2024.584167,78.807987
2024.654167,79.775826
2024.698889,79.775826
2025.254167,79.775826
2025.349167,79.775826
2025.529722,79.775826
2025.648611,79.775826
2025.831944,79.775826
2025.856944,79.775826
2026.076389,79.775826
2026.150278,79.775826
2026.326667,79.775826
2026.351944,79.775826
2026.568333,79.775826
2026.6425,79.775826
2026.686389,79.775826
2027.243056,79.775826
2027.329444,79.775826
2027.505556,79.775826
2027.648889,78.807987
2028.314722,80.743665
2028.339722,80.743665
2028.511944,79.775826
2028.634167,79.775826
2028.710278,79.775826
2029.249167,78.807987
2029.362222,78.807987
2029.544722,79.775826
2029.633889,78.807987
2029.806389,78.807987
2029.860278,78.807987
2030.093333,79.775826
2030.149722,79.775826
2030.342222,79.775826
2030.3675,79.775826
2030.596944,79.775826
2030.653333,79.775826
2030.698056,79.775826
2031.238889,79.775826
2031.350833,79.775826
2031.569167,79.775826
2031.637778,79.775826
2031.818056,79.775826
2031.847222,79.775826
2032.070278,79.775826
2032.145,79.775826
2032.311389,79.775826
2032.336944,79.775826
2032.563056,79.775826
2032.633333,79.775826
2032.704722,79.775826
2033.2475,79.775826
2033.363889,79.775826
2033.538611,79.775826
2033.640556,79.775826
2033.809444,79.775826
2033.835278,79.775826
2034.059444,79.775826
2034.152222,79.775826
2034.3325,79.775826
2034.358056,79.775826
2034.5725,78.807987
2034.631944,78.807987
2034.710833,78.807987
2035.246944,79.775826
2035.34,79.775826
2035.386944,79.775826
2035.516667,80.743665
2035.632778,80.743665
2035.803056,80.743665
2035.832222,80.743665
2036.064722,79.775826
2036.161944,79.775826
2036.349167,79.775826
2036.3825,79.775826
2036.606944,79.775826
2036.640833,79.775826
2036.698611,79.775826
2037.258611,79.775826
2037.356389,79.775826
2037.460556,79.775826
2037.564444,79.775826
2037.631667,80.743665
2037.815,79.775826
2037.840833,79.775826
2038.059444,79.775826
2038.137778,79.775826
2038.306667,79.775826
2038.331667,79.775826
2038.514167,79.775826
2038.650556,78.807987
2038.694444,78.807987
2039.2575,79.775826
2039.332222,79.775826
2039.513056,78.807987
2039.661389,78.807987
2039.841944,79.775826
2039.879722,78.807987
2040.116667,79.775826
2040.174444,79.775826
2040.357778,79.775826
2040.577778,79.775826
2040.641667,79.775826
2040.685833,79.775826
2041.278611,79.775826
2041.360556,79.775826
2041.586667,79.775826
2041.639444,79.775826
2041.8125,79.775826
2041.838056,78.807987
2042.010278,78.807987
2042.150556,78.807987
2042.326389,78.807987
2042.362778,78.807987
2042.584167,78.807987
2042.643333,78.807987
2042.693056,78.807987
2043.265278,79.775826
2043.366667,79.775826
2043.596111,79.775826
2043.661111,79.775826
2043.834444,78.807987
2044.065556,78.807987
2044.148611,78.807987
2044.323611,78.807987
2044.3525,79.775826
2044.567778,78.807987
2044.636667,78.807987
2044.685556,79.775826
2045.267222,79.775826
2045.337222,79.775826
2045.530278,79.775826
2045.648611,78.807987
2045.821944,78.807987
2045.851111,79.775826
2046.085556,78.807987
2046.142222,78.807987
2046.305278,78.807987
2046.335,79.775826
2046.510556,79.775826
2046.643611,79.775826
2046.697778,79.775826
2047.318889,79.775826
2047.375556,79.775826
2047.589167,79.775826
2047.655278,79.775826
2047.823611,79.775826
2047.848889,79.775826
2048.064444,79.775826
2048.134722,79.775826
2048.320278,79.775826
2048.353333,79.775826
2048.591667,79.775826
2048.681944,79.775826
2049.101667,79.775826
2049.275833,79.775826
2049.327778,79.775826
2049.515556,79.775826
2049.653611,79.775826
2049.840556,79.775826
2049.866389,79.775826
2050.078056,79.775826
2050.12,79.775826
2050.130833,79.775826
2050.301944,79.775826
2050.357778,79.775826
2050.6,79.775826
2050.6525,80.743665
2050.696667,79.775826
2051.258333,79.775826
2051.354722,79.775826
2051.574167,78.807987
2051.636111,78.807987
2051.828333,79.775826
2051.853333,79.775826
2052.08,79.775826
2052.143611,79.775826
2052.26,79.775826
2052.331667,78.807987
2052.361667,79.775826
2052.5975,79.775826
2052.653611,79.775826
2052.6975,79.775826
2053.271389,79.775826
2053.341389,78.807987
2053.576667,78.807987
2053.656667,79.775826
2053.843056,79.775826
2053.884722,79.775826
2054.119167,79.775826
2054.156944,79.775826
2054.345278,79.775826
2054.374722,79.775826
2054.594722,78.807987
2054.651389,78.807987
2054.7,78.807987
2055.266389,78.807987
2055.385556,78.807987
2055.6275,78.807987
2055.6575,78.807987
2055.866667,79.775826
2055.905833,79.775826
2056.130833,78.807987
2056.169722,79.775826
2056.359167,79.775826
2056.591944,79.775826
2056.654444,79.775826
2056.7125,79.775826
2057.254444,78.807987
2057.352778,78.807987
2057.526667,78.807987
2057.646389,78.807987
2057.849444,78.807987
2057.888333,78.807987
2058.010556,78.807987
2058.049444,78.807987
2058.138056,78.807987
2058.244444,78.807987
2058.377222,78.807987
2058.576389,78.807987
2058.707222,79.775826
2059.15,79.775826
2059.339444,79.775826
2059.378333,79.775826
2059.609722,78.807987
2059.6775,78.807987
2059.879167,78.807987
2060.119167,78.807987
2060.160278,78.807987
2060.359167,79.775826
2060.398333,79.775826
2060.641111,78.807987
2060.699722,78.807987
2061.113333,78.807987
2061.311111,78.807987
2061.38,78.807987
2061.618333,78.807987
2061.658889,78.807987
2061.846111,79.775826
2061.885278,79.775826
2062.119722,78.807987
2062.158611,78.807987
2062.372778,78.807987
2062.411667,78.807987
2062.66,78.807987
2062.720556,78.807987
2063.136944,78.807987
2063.340833,79.775826
2063.383889,78.807987
2063.625556,78.807987
2063.665,78.807987
2063.854722,78.807987
2063.893889,78.807987
2064.136111,78.807987
2064.175,78.807987
2064.369444,78.807987
2064.593889,78.807987
2064.664722,78.807987
2064.722778,78.807987
2065.280556,79.775826
2065.347778,79.775826
2065.371389,79.775826
2065.584722,79.775826
2065.666389,79.775826
2065.856944,79.775826
2065.896667,79.775826
2066.153889,78.807987
2066.193611,78.807987
2066.398611,79.775826
2066.619167,79.775826
2066.6575,79.775826
2066.716667,78.807987
2067.314722,78.807987
2067.383333,78.807987
2067.489167,78.807987
2067.614722,78.807987
2067.654444,78.807987
2067.844444,78.807987
2067.884722,78.807987
2068.128333,78.807987
2068.167778,78.807987
2068.360556,78.807987
2068.404444,78.807987
2068.641111,78.807987
2068.700556,78.807987
2069.106389,78.807987
2069.301667,78.807987
2069.368056,78.807987
2069.594444,78.807987
2069.667778,78.807987
2069.856667,78.807987
2069.898056,78.807987
2070.128333,78.807987
2070.168333,78.807987
2070.358611,78.807987
2070.4025,78.807987
2070.641944,78.807987
2070.700556,78.807987
2071.140278,78.807987
2071.326111,78.807987
2071.365,78.807987
2071.6025,78.807987
2071.668333,78.807987
2071.863333,78.807987
2071.902222,78.807987
2072.143889,78.807987
2072.183056,78.807987
2072.385833,78.807987
2072.618611,78.807987
2072.657778,78.807987
2072.715833,78.807987
2073.292778,78.807987
2073.359722,78.807987
2073.537222,78.807987
2073.6425,78.807987
2073.840278,78.807987
2073.879167,78.807987
2074.125278,79.775826
2074.164722,78.807987
2074.365833,79.775826
2074.405,79.775826
2074.636944,78.807987
2074.699444,78.807987
2075.133611,78.807987
2075.334722,78.807987
2075.374444,78.807987
2075.594722,78.807987
2075.665,78.807987
2075.861667,78.807987
2075.900556,78.807987
2076.141389,78.807987
2076.180556,78.807987
2076.3725,78.807987
2076.599167,78.807987
2076.665278,79.775826
2076.727222,78.807987
2077.3125,78.807987
2077.383611,78.807987
2077.628611,78.807987
2077.668056,79.775826
2077.860278,78.807987
2077.900278,78.807987
2078.145,78.807987
2078.183889,78.807987
2078.371667,78.807987
2078.603889,78.807987
2078.669722,78.807987
2078.727778,78.807987
2079.331389,79.775826
2079.3975,79.775826
2079.631667,78.807987
2079.670556,78.807987
2079.871389,78.807987
2080.121389,78.807987
2080.194444,78.807987
2080.405,78.807987
2080.649444,78.807987
2080.708056,78.807987
2080.746667,78.807987
2081.126389,78.807987
2081.342222,78.807987
2081.423056,78.807987
2081.6675,78.807987
2081.848611,78.807987
2081.8875,78.807987
2082.115833,78.807987
2082.159444,78.807987
2082.362222,78.807987
2082.401389,78.807987
2082.633333,78.807987
2082.691389,78.807987
2082.934722,78.807987
2083.115278,78.807987
2083.297778,78.807987
2083.363889,78.807987
2083.606667,78.807987
2083.676667,78.807987
2083.883889,78.807987
2084.123889,78.807987
2084.163333,78.807987
2084.338056,78.807987
2084.379722,78.807987
2084.609722,78.807987
2084.698611,78.807987
2085.147778,78.807987
2085.3525,78.807987
2085.391667,78.807987
2085.621389,78.807987
2085.659722,78.807987
2085.854167,78.807987
2085.893889,79.775826
2086.122222,78.807987
2086.156944,78.807987
2086.345,78.807987
2086.388889,78.807987
2086.605556,78.807987
2086.643889,78.807987
2086.702222,78.807987
2087.289167,79.775826
2087.358611,79.775826
2087.591111,78.807987
2087.665,78.807987
2087.865,78.807987
2087.903611,78.807987
2088.159722,78.807987
2088.194722,78.807987
2088.394444,78.807987
2088.629167,78.807987
2088.668611,79.775826
2088.722222,79.775826
2089.286667,78.807987
2089.370833,78.807987
2089.608333,78.807987
2089.678333,78.807987
2089.8725,78.807987
2090.123056,78.807987
2090.183611,78.807987
2090.373889,78.807987
2090.623889,78.807987
2090.714167,78.807987
2091.136389,78.807987
2091.320278,78.807987
2091.358056,78.807987
2091.588056,78.807987
2091.647778,78.807987
2091.828333,78.807987
2091.868056,78.807987
2092.099444,78.807987
2092.156111,78.807987
2092.338056,78.807987
2092.3675,78.807987
2092.589167,78.807987
2092.655833,78.807987
2092.712778,78.807987
2093.319444,78.807987
2093.392222,79.775826
2093.615556,80.743665
2093.644722,80.743665
2093.839444,81.711503
2093.868611,81.711503
2094.121667,82.679342
2094.178333,83.647181
2094.352222,83.647181
2094.563889,84.615019
2094.647778,85.582858
2094.696389,85.582858
2095.2925,87.518536
2095.37,87.518536
2095.595,88.486374
2095.678611,88.486374
2095.873889,89.454213
2096.127778,89.454213
2096.183611,89.454213
2096.370556,84.615019
2096.593611,84.615019
2096.656389,84.615019
2096.705278,84.615019
2097.298611,84.615019
2097.354444,84.615019
2097.574722,84.615019
2097.635833,84.615019
2097.833889,84.615019
2097.862778,84.615019
2098.118611,84.615019
2098.174444,84.615019
2098.378056,84.615019
2098.601944,84.615019
2098.659167,84.615019
2098.707778,83.647181
2099.283611,84.615019
2099.360833,83.647181
2099.595,84.615019
2099.670556,84.615019
2099.856944,84.615019
2100.099722,84.615019
2100.164167,84.615019
2100.344722,83.647181
2100.3825,83.647181
2100.624167,84.615019
2100.658056,84.615019
2100.706389,84.615019
2101.269167,84.615019
2101.347778,84.615019
2101.533889,84.615019
2101.6425,84.615019
2101.839722,84.615019
2101.874167,84.615019
2102.121667,84.615019
2102.193889,84.615019
2102.3825,84.615019
2102.616389,84.615019
2102.655278,84.615019
2102.714167,84.615019
2103.281667,84.615019
2103.352222,84.615019
2103.611667,84.615019
2103.679722,84.615019
2103.874444,84.615019
2104.111389,84.615019
2104.1775,84.615019
2104.385,84.615019
2104.633333,84.615019
2104.705278,84.615019
2105.140556,84.615019
2105.346389,84.615019
2105.386111,84.615019
2105.613056,84.615019
2105.652222,84.615019
2105.860833,84.615019
2105.900556,83.647181
2106.133611,84.615019
2106.173333,84.615019
2106.364167,84.615019
2106.604722,83.647181
2106.690556,83.647181
2107.094167,83.647181
2107.275278,83.647181
2107.360278,83.647181
2107.594722,83.647181
2107.657222,83.647181
2107.840278,83.647181
2107.879444,83.647181
2108.108333,83.647181
2108.178889,83.647181
2108.3675,83.647181
2108.6025,83.647181
2108.692778,83.647181
2109.131389,83.647181
2109.323889,83.647181
2109.363333,83.647181
2109.555,83.647181
2109.668889,83.647181
2109.876667,83.647181
2109.920278,83.647181
2110.161944,84.615019
2110.365,84.615019
2110.404444,84.615019
2110.658611,84.615019
2110.716667,84.615019
2111.165278,83.647181
2111.370556,83.647181
2111.399722,83.647181
2111.648611,83.647181
2111.691667,83.647181
2111.899167,83.647181
2112.153056,83.647181
2112.191944,83.647181
2112.378889,83.647181
2112.607778,83.647181
2112.647778,83.647181
2112.707778,83.647181
2113.293889,83.647181
2113.363611,83.647181
2113.604444,83.647181
2113.666111,83.647181
2113.871111,83.647181
2114.109167,83.647181
2114.170556,83.647181
2114.381667,83.647181
2114.622222,83.647181
2114.656389,83.647181
2114.705,83.647181
2115.283333,83.647181
2115.363611,83.647181
2115.553611,83.647181
2115.644722,83.647181
2115.82,83.647181
2115.849167,83.647181
2115.864167,83.647181
2116.074722,83.647181
2116.145556,83.647181
2116.320833,83.647181
2116.359167,83.647181
2116.6125,83.647181
2116.683611,83.647181
2117.115,83.647181
2117.307222,83.647181
2117.363889,83.647181
2117.544167,83.647181
2117.644722,83.647181
2117.845833,83.647181
2117.878889,83.647181
2117.990833,83.647181
2118.122222,83.647181
2118.185278,83.647181
2118.373333,83.647181
2118.614444,83.647181
2118.699444,83.647181
2119.136389,83.647181
2119.32,83.647181
2119.349167,83.647181
2119.592222,83.647181
2119.668056,83.647181
2119.85,83.647181
2119.883611,83.647181
2120.110833,83.647181
2120.145556,83.647181
2120.314167,83.647181
2120.3475,83.647181
2120.576944,83.647181
2120.643889,83.647181
2120.691944,83.647181
2121.273611,83.647181
2121.378056,83.647181
2121.6075,83.647181
2121.6725,83.647181
2121.849167,83.647181
2122.075833,83.647181
2122.151667,83.647181
2122.33,83.647181
2122.363889,83.647181
2122.594722,83.647181
2122.652778,83.647181
2122.705556,83.647181
2123.255556,83.647181
2123.345556,83.647181
2123.518611,82.679342
2123.621944,83.647181
2123.831111,83.647181
2123.895833,83.647181
2124.118889,83.647181
2124.151944,83.647181
2124.335833,83.647181
2124.361389,83.647181
2124.595556,83.647181
2124.668889,83.647181
2124.7225,83.647181
2125.3075,83.647181
2125.373889,83.647181
2125.598611,83.647181
2125.6675,83.647181
2125.860833,83.647181
2125.894444,83.647181
2126.120556,83.647181
2126.145833,83.647181
2126.322222,83.647181
2126.360833,83.647181
2126.571944,83.647181
2126.628611,83.647181
2126.699444,83.647181
2127.239722,83.647181
2127.340556,83.647181
2127.518889,83.647181
2127.6675,83.647181
2127.844167,83.647181
2128.058611,83.647181
2128.137778,83.647181
2128.3175,83.647181
2128.3425,83.647181
2128.523889,83.647181
2128.690833,83.647181
2129.086944,83.647181
2129.275833,82.679342
2129.365,82.679342
2129.581944,82.679342
2129.655,82.679342
2129.833889,82.679342
2129.866667,82.679342
2130.102778,83.647181
2130.160278,83.647181
2130.343333,83.647181
2130.3725,83.647181
2130.572222,83.647181
2130.628056,83.647181
2130.708611,83.647181
2131.258889,83.647181
2131.356667,83.647181
2131.529167,83.647181
2131.643333,82.679342
2131.813611,83.647181
2131.846944,83.647181
2132.086667,83.647181
2132.170278,83.647181
2132.340278,82.679342
2132.513889,83.647181
2132.633611,83.647181
2132.691667,82.679342
2133.259167,82.679342
2133.353056,82.679342
2133.536944,83.647181
2133.657778,82.679342
2133.843611,83.647181
2133.886667,83.647181
2134.119722,82.679342
2134.158056,82.679342
2134.351944,83.647181
2134.391667,83.647181
2134.61,82.679342
2134.644722,82.679342
2134.69,82.679342
2135.273333,82.679342
2135.340833,82.679342
2135.565,83.647181
2135.634722,83.647181
2135.821389,82.679342
2135.854722,82.679342
2136.072222,82.679342
2136.128333,82.679342
2136.304444,82.679342
2136.335278,82.679342
2136.529167,83.647181
2136.638333,83.647181
2136.6825,82.679342
2137.266667,83.647181
2137.366111,82.679342
2137.569167,83.647181
2137.630556,82.679342
2137.818611,82.679342
2137.845,82.679342
2138.065,82.679342
2138.145,82.679342
2138.331111,83.647181
2138.36,83.647181
2138.570556,82.679342
2138.627778,82.679342
2138.703333,83.647181
2139.238611,82.679342
2139.354167,82.679342
2139.529722,82.679342
2139.638611,82.679342
2139.841389,82.679342
2139.866389,82.679342
2140.087778,82.679342
2140.148333,82.679342
2140.337222,82.679342
2140.370833,82.679342
2140.593889,82.679342
2140.650556,82.679342
2140.694722,82.679342
2141.271944,82.679342
2141.350278,82.679342
2141.5325,82.679342
2141.641389,82.679342
2141.818889,82.679342
2141.850278,82.679342
2142.075278,82.679342
2142.135278,82.679342
2142.3275,82.679342
2142.356389,82.679342
2142.581111,82.679342
2142.645,82.679342
2142.693056,82.679342
2143.264722,82.679342
2143.368611,82.679342
2143.595,82.679342
2143.646667,82.679342
2143.831944,82.679342
2143.866389,82.679342
2144.101944,82.679342
2144.164167,82.679342
2144.353889,82.679342
2144.388056,82.679342
2144.604722,82.679342
2144.6425,82.679342
2144.698611,82.679342
2145.293889,82.679342
2145.364167,82.679342
2145.595833,83.647181
2145.651667,82.679342
2145.831389,82.679342
2145.857222,82.679342
2146.066944,82.679342
2146.1275,82.679342
2146.293333,82.679342
2146.349167,82.679342
2146.575,82.679342
2146.641111,82.679342
2146.685278,82.679342
2147.228889,83.647181
2147.348056,82.679342
2147.563056,82.679342
2147.634444,82.679342
2147.794722,82.679342
2147.8225,82.679342
2148.006111,82.679342
2148.141389,82.679342
2148.328056,82.679342
2148.353611,82.679342
2148.529444,83.647181
2148.629444,83.647181
2148.704167,83.647181
2149.229444,82.679342
2149.348889,82.679342
2149.573333,82.679342
2149.646667,82.679342
2149.840556,82.679342
2149.870556,82.679342
2150.075,82.679342
2150.133333,82.679342
2150.333611,82.679342
2150.391111,82.679342
2150.600556,82.679342
2150.611111,82.679342
2150.646389,82.679342
2150.695278,83.647181
2151.241111,83.647181
2151.334444,82.679342
2151.503889,82.679342
2151.639444,82.679342
2151.826944,82.679342
2151.860556,82.679342
2152.068333,82.679342
2152.125,82.679342
2152.301111,82.679342
2152.353889,82.679342
2152.563889,82.679342
2152.621389,82.679342
2152.7,82.679342
2152.958333,82.679342
2153.240833,82.679342
2153.336667,82.679342
2153.508611,82.679342
2153.626389,82.679342
2153.801944,82.679342
2153.8625,82.679342
2154.079444,81.711503
2154.148333,82.679342
2154.321944,82.679342
2154.346944,82.679342
2154.514167,82.679342
2154.6325,82.679342
2154.7075,82.679342
2155.234722,82.679342
2155.346944,82.679342
2155.516389,82.679342
2155.636667,82.679342
2155.811944,82.679342
2155.842778,82.679342
2156.015278,82.679342
2156.128889,82.679342
2156.301389,81.711503
2156.353056,81.711503
2156.529722,82.679342
2156.641944,82.679342
2156.694722,82.679342
2157.253889,81.711503
2157.3525,82.679342
2157.513333,82.679342
2157.613889,82.679342
2157.804444,82.679342
2157.856111,82.679342
2158.089722,82.679342
2158.141389,82.679342
2158.318889,82.679342
2158.353333,82.679342
2158.565833,81.711503
2158.640556,82.679342
2158.684722,82.679342
2159.239444,82.679342
2159.368333,82.679342
2159.576389,82.679342
2159.634167,82.679342
2159.805556,82.679342
2159.832222,82.679342
2160.0675,82.679342
2160.163611,82.679342
2160.350833,82.679342
2160.559444,82.679342
2160.625833,82.679342
2160.7025,82.679342
2161.240278,82.679342
2161.350278,81.711503
2161.524167,81.711503
2161.621944,82.679342
2161.801389,82.679342
2161.866111,82.679342
2162.108056,82.679342
2162.1775,82.679342
2162.353889,82.679342
2162.57,82.679342
2162.653333,82.679342
2162.71,82.679342
2163.293056,81.711503
2163.351111,81.711503
2163.585278,82.679342
2163.6475,82.679342
2163.836667,82.679342
2163.875,82.679342
2164.131389,82.679342
2164.1975,82.679342
2164.354444,82.679342
2164.5925,82.679342
2164.662222,81.711503
2164.720278,82.679342
2165.282778,82.679342
2165.368333,82.679342
2165.598611,81.711503
2165.664444,81.711503
2165.847778,82.679342
2165.881389,82.679342
2165.901111,82.679342
2166.130833,82.679342
2166.165278,82.679342
2166.364722,82.679342
2166.403889,82.679342
2166.663333,82.679342
2166.722222,82.679342
2167.16,82.679342
2167.372222,82.679342
2167.411944,82.679342
2167.641111,82.679342
2167.684722,82.679342
2167.894722,82.679342
2168.044167,82.679342
2168.148889,82.679342
2168.189444,82.679342
2168.406667,81.711503
2168.645833,82.679342
2168.704722,82.679342
2169.137778,82.679342
2169.349167,82.679342
2169.389722,82.679342
2169.635556,82.679342
2169.674444,82.679342
2169.884444,81.711503
2170.139167,82.679342
2170.179167,82.679342
2170.396111,82.679342
2170.669444,82.679342
2170.728333,82.679342
2171.160278,82.679342
2171.373611,81.711503
2171.421667,82.679342
2171.659167,82.679342
2171.877778,81.711503
2171.9175,81.711503
2172.166111,81.711503
2172.206111,81.711503
2172.408611,81.711503
2172.660278,81.711503
2172.718333,81.711503
2173.146944,81.711503
2173.363889,81.711503
2173.403333,82.679342
2173.632222,81.711503
2173.671389,81.711503
2173.871111,81.711503
2174.105278,82.679342
2174.183056,82.679342
2174.39,82.679342
2174.6325,82.679342
2174.69,82.679342
2175.099444,81.711503
2175.283056,81.711503
2175.358889,82.679342
2175.586944,82.679342
2175.653889,82.679342
2175.856111,82.679342
2175.890556,82.679342
2176.136944,82.679342
2176.170278,81.711503
2176.350278,82.679342
2176.586389,82.679342
2176.659722,82.679342
2176.707778,82.679342
2177.265556,81.711503
2177.366111,81.711503
2177.548611,82.679342
2177.660278,82.679342
2177.858611,82.679342
2177.888333,81.711503
2178.120556,81.711503
2178.150556,81.711503
2178.341667,82.679342
2178.374722,82.679342
2178.593611,82.679342
2178.654167,82.679342
2178.703056,82.679342
2179.2825,81.711503
2179.379444,82.679342
2179.612778,82.679342
2179.669444,82.679342
2179.862778,82.679342
2180.095278,81.711503
2180.167778,81.711503
2180.341389,82.679342
2180.514444,82.679342
2180.646111,82.679342
2180.695,82.679342
2181.2825,82.679342
2181.344444,82.679342
2181.363611,82.679342
2181.57,82.679342
2181.637222,82.679342
2181.825556,81.711503
2181.853056,81.711503
2182.082778,82.679342
2182.168056,81.711503
2182.348056,81.711503
2182.525556,82.679342
2182.640556,82.679342
2182.6925,82.679342
2183.272222,82.679342
2183.341944,82.679342
2183.446111,82.679342
2183.528056,82.679342
2183.661944,81.711503
2183.854444,82.679342
2184.088333,82.679342
2184.154444,82.679342
2184.335556,82.679342
2184.361111,82.679342
2184.586667,82.679342
2184.646111,81.711503
2184.693333,81.711503
2185.254722,81.711503
2185.339444,81.711503
2185.514722,81.711503
2185.643611,81.711503
2185.834444,82.679342
2185.859444,82.679342
2186.096111,82.679342
2186.153333,82.679342
2186.334444,81.711503
2186.367778,81.711503
2186.590833,81.711503
2186.646944,82.679342
2186.700556,82.679342
2187.293333,81.711503
2187.391389,81.711503
2187.620556,81.711503
2187.659722,81.711503
2187.863056,82.679342
2187.901944,82.679342
2188.142778,81.711503
2188.181667,81.711503
2188.384167,82.679342
2188.618611,81.711503
2188.658333,81.711503
2188.717222,82.679342
2189.312778,82.679342
2189.383611,81.711503
2189.626667,81.711503
2189.666389,81.711503
2189.871389,82.679342
2189.910556,82.679342
2190.173611,81.711503
2190.3875,81.711503
2190.633889,81.711503
2190.696389,81.711503
2191.123056,81.711503
2191.345278,82.679342
2191.415,81.711503
2191.655278,81.711503
2191.698611,81.711503
2191.9175,82.679342
2192.178056,81.711503
2192.403056,82.679342
2192.664444,81.711503
2192.727222,81.711503
2193.168333,82.679342
2193.393889,81.711503
2193.4375,81.711503
2193.703611,81.711503
2193.922222,82.679342
2194.239167,81.711503
2194.416667,82.679342
2194.732222,82.679342
2195.148056,81.711503
2195.333611,82.679342
2195.388611,81.711503
2195.629722,81.711503
2195.871944,81.711503
2196.118056,82.679342
2196.188611,82.679342
2196.216389,82.679342
2196.431667,81.711503
2196.709722,81.711503
2197.139167,81.711503
2197.357778,81.711503
2197.411667,81.711503
2197.663611,81.711503
2197.703056,81.711503
2197.917778,81.711503
2198.224167,81.711503
2198.345556,81.711503
2198.406389,81.711503
2198.586111,81.711503
2198.625556,81.711503
2198.705,81.711503
2199.267778,81.711503
2199.336667,81.711503
2199.498333,81.711503
2199.623889,81.711503
2199.783333,81.711503
2199.843056,81.711503
2200.059167,81.711503
2200.159167,81.711503
2200.329444,81.711503
2200.372222,81.711503
2200.573889,81.711503
2200.64,81.711503
2200.687222,81.711503
2201.236667,81.711503
2201.331389,81.711503
2201.4975,81.711503
2201.631667,81.711503
2201.805556,81.711503
2201.845833,81.711503
2202.009167,81.711503
2202.1475,82.679342
2202.312778,81.711503
2202.352778,81.711503
2202.523611,81.711503
2202.64,82.679342
2202.686944,81.711503
2203.264167,81.711503
2203.340556,81.711503
2203.526111,81.711503
2203.631111,81.711503
2203.814722,80.743665
2203.840833,80.743665
2204.067778,81.711503
2204.133889,81.711503
2204.319722,81.711503
2204.345833,81.711503
2204.583333,81.711503
2204.653056,81.711503
2204.6975,81.711503
2205.275278,82.679342
2205.34,81.711503
2205.515,81.711503
2205.646667,81.711503
2205.848333,81.711503
2205.8725,81.711503
2206.0875,81.711503
2206.142778,81.711503
2206.324167,81.711503
2206.348333,81.711503
2206.575278,81.711503
2206.640833,81.711503
2206.688056,81.711503
2207.272778,82.679342
2207.360833,82.679342
2207.606944,81.711503
2207.664444,81.711503
2207.849444,81.711503
2208.091667,80.743665
2208.169722,81.711503
2208.346111,81.711503
2208.543333,81.711503
2208.685278,81.711503
2209.113889,81.711503
2209.305833,81.711503
2209.366667,81.711503
2209.529722,81.711503
2209.633333,81.711503
2209.816111,81.711503
2209.889722,81.711503
2210.108889,81.711503
2210.1475,81.711503
2210.316667,81.711503
2210.355833,81.711503
2210.568889,81.711503
2210.656389,81.711503
2210.699444,81.711503
2211.278889,81.711503
2211.354444,81.711503
2211.37,82.679342
2211.541111,82.679342
2211.660278,82.679342
2211.854444,82.679342
2212.080556,81.711503
2212.160278,81.711503
2212.358056,81.711503
2212.582222,81.711503
2212.648056,81.711503
2212.691944,81.711503
2213.262222,81.711503
2213.369167,81.711503
2213.473889,81.711503
2213.593611,81.711503
2213.65,81.711503
2213.811389,81.711503
2213.840278,80.743665
2214.0625,81.711503
2214.131944,81.711503
2214.2975,80.743665
2214.351667,80.743665
2214.5725,81.711503
2214.638056,81.711503
2214.681944,80.743665
2215.255,81.711503
2215.340833,81.711503
2215.532222,81.711503
2215.639722,81.711503
2215.828611,81.711503
2215.856667,81.711503
2216.072778,81.711503
2216.138889,81.711503
2216.33,81.711503
2216.36,81.711503
2216.578611,80.743665
2216.655833,80.743665
2216.698889,80.743665
2217.293056,81.711503
2217.343889,81.711503
2217.559444,81.711503
2217.625556,81.711503
2217.801389,82.679342
2217.852222,82.679342
2218.073333,81.711503
2218.129444,81.711503
2218.309167,81.711503
2218.363889,81.711503
2218.585,81.711503
2218.64,81.711503
2218.683056,81.711503
2219.244722,81.711503
2219.339722,81.711503
2219.519722,81.711503
2219.627222,81.711503
2219.821111,81.711503
2219.872222,81.711503
2220.090278,81.711503
2220.141389,81.711503
2220.331944,81.711503
2220.356111,81.711503
2220.580278,81.711503
2220.631944,81.711503
2220.701944,81.711503
2221.262778,81.711503
2221.353333,81.711503
2221.579722,81.711503
2221.640278,81.711503
2221.814444,81.711503
2221.841111,81.711503
2222.073889,81.711503
2222.151389,81.711503
2222.356111,81.711503
2222.380278,81.711503
2222.606944,81.711503
2222.680833,81.711503
2223.118333,81.711503
2223.298056,80.743665
2223.349167,81.711503
2223.537222,81.711503
2223.635556,81.711503
2223.810278,81.711503
2223.835278,81.711503
2224.068333,81.711503
2224.154167,81.711503
2224.353333,81.711503
2224.377222,81.711503
2224.600833,81.711503
2224.653056,81.711503
2224.698611,81.711503
2225.283056,81.711503
2225.353333,81.711503
2225.538333,81.711503
2225.646667,80.743665
2225.848056,81.711503
2225.873056,81.711503
2226.09,80.743665
2226.142778,81.711503
2226.323889,81.711503
2226.348889,81.711503
2226.526944,81.711503
2226.6075,81.711503
2226.631111,81.711503
2226.701667,81.711503
2227.2425,81.711503
2227.330556,82.679342
2227.510278,81.711503
2227.636667,81.711503
2227.824722,81.711503
2227.848889,81.711503
2228.078889,81.711503
2228.145833,81.711503
2228.325278,81.711503
2228.349444,81.711503
2228.518056,81.711503
2228.625833,81.711503
2228.6975,81.711503
2228.938056,81.711503
2229.24,80.743665
2229.3575,80.743665
2229.536944,80.743665
2229.645278,80.743665
2229.827222,81.711503
2229.851389,81.711503
2230.078889,81.711503
2230.147778,81.711503
2230.323333,80.743665
2230.347778,80.743665
2230.533889,80.743665
2230.640833,80.743665
2230.683889,80.743665
2231.245556,81.711503
2231.281389,81.711503
2231.37,81.711503
2231.581667,81.711503
2231.637222,81.711503
2231.831944,81.711503
2231.856944,81.711503
2232.083056,80.743665
2232.136389,80.743665
2232.322778,81.711503
2232.346667,81.711503
2232.575556,80.743665
2232.646389,80.743665
2232.69,80.743665
2233.241111,81.711503
2233.329722,81.711503
2233.514167,81.711503
2233.631111,81.711503
2233.810833,81.711503
2233.862778,81.711503
2234.089167,81.711503
2234.140278,81.711503
2234.325833,80.743665
2234.35,80.743665
2234.575278,81.711503
2234.641389,81.711503
2234.684167,81.711503
2235.226111,80.743665
2235.353611,80.743665
2235.565833,80.743665
2235.636389,80.743665
2235.820833,81.711503
2235.8475,81.711503
2236.076944,80.743665
2236.141944,80.743665
2236.323056,81.711503
2236.348056,80.743665
2236.572222,81.711503
2236.639444,81.711503
2236.683056,81.711503
2237.286944,80.743665
2237.372222,80.743665
2237.588611,81.711503
2237.6475,81.711503
2237.8425,80.743665
2237.866667,80.743665
2238.091944,80.743665
2238.1525,80.743665
2238.326944,80.743665
2238.351667,80.743665
2238.5375,80.743665
2238.655,80.743665
2238.698889,80.743665
2239.2825,80.743665
2239.354722,80.743665
2239.542222,80.743665
2239.651389,80.743665
2239.840556,80.743665
2239.864722,80.743665
2240.084722,80.743665
2240.136111,81.711503
2240.322778,81.711503
2240.346944,81.711503
2240.581944,80.743665
2240.655833,81.711503
2240.698889,81.711503
2241.235,81.711503
2241.338333,81.711503
2241.515,81.711503
2241.638333,81.711503
2241.811944,81.711503
2241.841111,81.711503
2242.069444,81.711503
2242.084722,81.711503
2242.140278,81.711503
2242.334167,81.711503
2242.358333,81.711503
2242.553889,80.743665
2242.608889,80.743665
2242.684167,80.743665
2243.228889,80.743665
2243.359444,80.743665
2243.581667,80.743665
2243.636667,80.743665
2243.817778,80.743665
2243.841944,80.743665
2244.081111,80.743665
2244.168889,80.743665
2244.276111,80.743665
2244.350833,80.743665
2244.570278,80.743665
2244.646389,80.743665
2244.689444,80.743665
2245.267778,80.743665
2245.337222,81.711503
2245.517222,80.743665
2245.641111,80.743665
2245.809722,80.743665
2245.833611,80.743665
2246.073056,80.743665
2246.166667,80.743665
2246.352778,80.743665
2246.563611,80.743665
2246.633333,80.743665
2246.708889,80.743665
2247.281667,80.743665
2247.333889,80.743665
2247.515278,80.743665
2247.637222,80.743665
2247.806389,80.743665
2247.830556,80.743665
2247.998056,80.743665
2248.149444,80.743665
2248.336389,80.743665
2248.360833,80.743665
2248.530556,80.743665
2248.622778,80.743665
2248.696944,81.711503
2249.218611,81.711503
2249.352778,80.743665
2249.529722,81.711503
2249.6325,81.711503
2249.808889,81.711503
2249.868056,81.711503
2250.09,81.711503
2250.149167,81.711503
2250.335278,81.711503
2250.359167,81.711503
2250.576944,80.743665
2250.628056,80.743665
2250.697778,80.743665
2251.224444,80.743665
2251.3375,80.743665
2251.518611,80.743665
2251.643889,81.711503
2251.8325,80.743665
2251.861389,80.743665
2252.076389,80.743665
2252.140556,80.743665
2252.321111,80.743665
2252.345278,80.743665
2252.571111,80.743665
2252.645833,80.743665
2252.688889,80.743665
2253.278889,80.743665
2253.33,80.743665
2253.504722,80.743665
2253.633611,80.743665
2253.818889,80.743665
2253.874722,80.743665
2254.114167,80.743665
2254.173611,80.743665
2254.365,80.743665
2254.586111,80.743665
2254.636944,80.743665
2254.680833,80.743665
2255.236667,80.743665
2255.346111,80.743665
2255.526111,80.743665
2255.62,81.711503
2255.801389,81.711503
2255.860278,81.711503
2256.092778,81.711503
2256.155833,81.711503
2256.331389,80.743665
2256.355556,80.743665
2256.566111,80.743665
2256.632222,81.711503
2256.706111,80.743665
2257.239444,80.743665
2257.351111,80.743665
2257.366111,80.743665
2257.524722,80.743665
2257.629167,80.743665
2257.8075,80.743665
2257.8625,80.743665
2258.08,80.743665
2258.135833,80.743665
2258.310278,80.743665
2258.334444,80.743665
2258.499444,81.711503
2258.625833,81.711503
2258.700278,81.711503
2259.216389,80.743665
2259.331389,80.743665
2259.447778,80.743665
2259.514167,80.743665
2259.622222,80.743665
2259.801389,80.743665
2259.852222,80.743665
2260.074167,80.743665
2260.144722,80.743665
2260.312222,80.743665
2260.336389,80.743665
2260.515833,80.743665
2260.643333,80.743665
2260.686667,80.743665
2261.228611,80.743665
2261.346389,80.743665
2261.525,80.743665
2261.640278,80.743665
2261.818889,80.743665
2261.8475,80.743665
2262.073333,80.743665
2262.145278,80.743665
2262.331944,80.743665
2262.356111,80.743665
2262.565278,80.743665
2262.639444,80.743665
2262.6825,80.743665
2263.267778,80.743665
2263.356944,80.743665
2263.536389,80.743665
2263.625278,80.743665
2263.818056,80.743665
2263.872778,80.743665
2264.101944,80.743665
2264.156944,80.743665
2264.341944,81.711503
2264.368611,81.711503
2264.581944,81.711503
2264.6475,80.743665
2264.695278,80.743665
2265.2825,81.711503
2265.333611,81.711503
2265.498611,80.743665
2265.625,80.743665
2265.796667,80.743665
2265.853056,80.743665
2266.091111,80.743665
2266.150278,80.743665
2266.330278,80.743665
2266.354444,80.743665
2266.568056,80.743665
2266.62,80.743665
2266.691111,80.743665
2267.235556,81.711503
2267.344722,80.743665
2267.5325,80.743665
2267.641944,80.743665
2267.835556,80.743665
2267.864167,80.743665
2268.092778,80.743665
2268.153611,80.743665
2268.338056,80.743665
2268.361944,80.743665
2268.530556,80.743665
2268.617778,80.743665
2268.691944,80.743665
2269.225833,80.743665
2269.331389,80.743665
2269.531389,80.743665
2269.654444,80.743665
2269.830556,80.743665
2269.854722,80.743665
2270.068056,80.743665
2270.134167,80.743665
2270.304444,80.743665
2270.329722,80.743665
2270.516111,80.743665
2270.6475,80.743665
2270.695,80.743665
2271.245278,80.743665
2271.364444,80.743665
2271.583333,80.743665
2271.639167,80.743665
2271.806667,80.743665
2271.833333,80.743665
2272.058611,80.743665
2272.145278,80.743665
2272.306389,80.743665
2272.339167,81.711503
2272.368056,81.711503
2272.588056,80.743665
2272.64,80.743665
2272.683611,80.743665
2273.2475,80.743665
2273.346111,80.743665
2273.515278,80.743665
2273.618611,80.743665
2273.806667,80.743665
2273.865556,80.743665
2274.115833,80.743665
2274.166944,80.743665
2274.345278,80.743665
2274.449444,80.743665
2274.521111,80.743665
2274.621389,80.743665
2274.704722,80.743665
2275.259722,80.743665
2275.346667,80.743665
2275.571389,80.743665
2275.645833,80.743665
2275.832222,80.743665
2275.856389,80.743665
2276.082222,80.743665
2276.155556,80.743665
2276.332222,80.743665
2276.356389,80.743665
2276.5775,80.743665
2276.628611,80.743665
2276.698333,80.743665
2277.2175,80.743665
2277.360833,80.743665
2277.573611,80.743665
2277.625556,80.743665
2277.806944,80.743665
2277.859167,80.743665
2278.086944,80.743665
2278.139167,80.743665
2278.321667,80.743665
2278.346667,80.743665
2278.524722,80.743665
2278.628333,80.743665
2278.698889,80.743665
2279.231944,80.743665
2279.331944,80.743665
2279.515556,80.743665
2279.640833,80.743665
2279.834167,80.743665
2279.858333,80.743665
2280.083889,80.743665
2280.134722,80.743665
2280.308333,80.743665
2280.333889,80.743665
2280.511389,80.743665
2280.645,80.743665
2280.688333,80.743665
2281.243611,80.743665
2281.3325,80.743665
2281.511111,80.743665
2281.636667,80.743665
2281.812778,80.743665
2281.839444,80.743665
2282.071111,80.743665
2282.164722,80.743665
2282.339444,80.743665
2282.515556,80.743665
2282.634722,80.743665
2282.680833,80.743665
2283.260833,80.743665
2283.353889,80.743665
2283.525,80.743665
2283.6275,80.743665
2283.803611,80.743665
2283.862778,80.743665
2284.080556,80.743665
2284.136944,80.743665
2284.329444,80.743665
2284.353611,80.743665
2284.564722,80.743665
2284.631389,80.743665
2284.709722,80.743665
2285.254722,80.743665
2285.345,80.743665
2285.524444,80.743665
2285.633333,80.743665
2285.805278,80.743665
2285.829444,80.743665
2286.009722,80.743665
2286.137778,80.743665
2286.310278,80.743665
2286.334444,80.743665
2286.506111,80.743665
2286.635278,80.743665
2286.680833,80.743665
2287.242778,80.743665
2287.359722,80.743665
2287.519444,80.743665
2287.5825,80.743665
2287.643333,80.743665
2287.834722,80.743665
2287.858889,80.743665
2288.071389,80.743665
2288.123056,80.743665
2288.301667,80.743665
2288.3625,80.743665
2288.578333,80.743665
2288.638056,80.743665
2288.685,80.743665
2289.27,80.743665
2289.370556,80.743665
2289.610556,80.743665
2289.666111,80.743665
2289.766944,80.743665
2289.843889,80.743665
2290.061667,80.743665
2290.133056,80.743665
2290.309167,80.743665
2290.368056,80.743665
2290.598889,80.743665
2290.655556,80.743665
2290.698611,80.743665
2291.238611,80.743665
2291.358056,80.743665
2291.5375,80.743665
2291.640833,80.743665
2291.825,80.743665
2291.850556,80.743665
2292.084167,80.743665
2292.157222,80.743665
2292.347778,80.743665
2292.372778,80.743665
2292.588889,80.743665
2292.641389,80.743665
2292.685,80.743665
2293.274167,80.743665
2293.35,80.743665
2293.535556,80.743665
2293.646111,80.743665
2293.847778,80.743665
2293.871944,80.743665
2294.104722,80.743665
2294.156944,80.743665
2294.349444,80.743665
2294.373611,80.743665
2294.5975,80.743665
2294.6575,80.743665
2294.701111,80.743665
2295.306944,80.743665
2295.381111,80.743665
2295.611944,80.743665
2295.6375,80.743665
2295.821111,80.743665
2295.846111,80.743665
2296.068611,80.743665
2296.133889,80.743665
2296.308611,80.743665
2296.363889,80.743665
2296.576667,80.743665
2296.629722,80.743665
2296.710833,80.743665
2297.261111,80.743665
2297.348611,80.743665
2297.565278,80.743665
2297.630556,80.743665
2297.806389,80.743665
2297.859167,80.743665
2298.074167,80.743665
2298.125556,80.743665
2298.31,80.743665
2298.369167,80.743665
2298.570556,80.743665
2298.625556,80.743665
2298.711389,80.743665
2299.248611,80.743665
2299.353611,80.743665
2299.54,80.743665
2299.631111,80.743665
2299.817778,80.743665
2299.874167,80.743665
2300.104722,80.743665
2300.158333,80.743665
2300.340556,80.743665
2300.366111,80.743665
2300.588056,80.743665
2300.640833,80.743665
2300.684444,80.743665
2301.253056,80.743665
2301.345,80.743665
2301.513333,80.743665
2301.6125,80.743665
2301.793333,80.743665
2301.845,80.743665
2302.078889,80.743665
2302.151111,80.743665
2302.341389,80.743665
2302.366389,80.743665
2302.589444,80.743665
2302.631389,80.743665
2302.641389,80.743665
2302.693889,80.743665
2303.280833,80.743665
2303.345833,80.743665
2303.523889,80.743665
2303.634722,80.743665
2303.818333,80.743665
2303.843889,80.743665
2304.066667,80.743665
2304.143611,80.743665
2304.322778,80.743665
2304.346944,80.743665
2304.566667,80.743665
2304.640278,80.743665
2304.683611,80.743665
2304.931111,80.743665
2305.229722,80.743665
2305.338889,80.743665
2305.513611,80.743665
2305.625556,80.743665
2305.808889,80.743665
2305.865,80.743665
2306.111111,80.743665
2306.162778,80.743665
2306.352222,80.743665
2306.529167,80.743665
2306.626667,80.743665
2306.702222,80.743665
2307.26,80.743665
2307.363611,80.743665
2307.576389,80.743665
2307.6375,80.743665
2307.811111,80.743665
2307.839722,80.743665
2308.06,80.743665
2308.151944,80.743665
2308.312778,80.743665
2308.349722,80.743665
2308.561944,80.743665
2308.626944,80.743665
2308.698611,80.743665
2309.230833,80.743665
2309.345833,80.743665
2309.516389,80.743665
2309.623889,80.743665
2309.807222,80.743665
2309.862222,80.743665
2310.098611,80.743665
2310.153611,80.743665
2310.338056,79.775826
2310.362222,80.743665
2310.575278,80.743665
2310.630556,80.743665
2310.679722,80.743665
2311.246111,80.743665
2311.338611,80.743665
2311.516389,80.743665
2311.639722,80.743665
2311.811667,80.743665
2311.838333,80.743665
2312.058333,80.743665
2312.151111,80.743665
2312.331389,80.743665
2312.356111,80.743665
2312.5625,80.743665
2312.634167,80.743665
2312.705,80.743665
2313.238889,80.743665
2313.361111,80.743665
2313.535833,80.743665
2313.629444,79.775826
2313.824444,80.743665
2313.881111,80.743665
2314.101944,80.743665
2314.1275,80.743665
2314.320556,80.743665
2314.375556,80.743665
2314.602778,80.743665
2314.659167,80.743665
2314.702222,80.743665
2315.286667,80.743665
2315.356667,80.743665
2315.542222,80.743665
2315.658056,80.743665
2315.831389,80.743665
2316.317778,80.743665
2316.343056,80.743665
2316.584167,80.743665
2316.685278,80.743665
2317.1025,80.743665
2317.275833,80.743665
2317.346111,80.743665
2317.576944,80.743665
2317.641944,80.743665
2317.819167,80.743665
2317.844167,80.743665
2318.07,80.743665
2318.085,80.743665
2318.141667,80.743665
2318.338889,80.743665
2318.363611,80.743665
2318.575833,80.743665
2318.631944,80.743665
2318.701667,80.743665
2319.253889,80.743665
2319.341111,80.743665
2319.515278,80.743665
2319.616944,80.743665
2319.800278,80.743665
2319.851667,80.743665
2320.091667,79.775826
2320.160833,80.743665
2320.265,80.743665
2320.344167,80.743665
2320.567222,79.775826
2320.636389,80.743665
2320.68,80.743665
2321.265833,80.743665
2321.3675,80.743665
2321.588056,80.743665
2321.654444,80.743665
2321.831667,79.775826
2321.8675,80.743665
2322.100278,80.743665
2322.151389,79.775826
2322.315833,79.775826
2322.34,79.775826
2322.518333,79.775826
2322.62,80.743665
2322.69,80.743665
2323.235278,79.775826
2323.356944,80.743665
2323.597778,80.743665
2323.653611,80.743665
2323.846389,80.743665
2323.870556,80.743665
2324.095556,80.743665
2324.146944,80.743665
2324.306667,79.775826
2324.333333,79.775826
2324.521111,80.743665
2324.621111,80.743665
2324.692222,80.743665
2325.2425,80.743665
2325.333889,80.743665
2325.515833,80.743665
2325.64,80.743665
2325.821667,79.775826
2325.846667,79.775826
2326.079722,80.743665
2326.15,79.775826
2326.338611,80.743665
2326.363611,80.743665
2326.584722,80.743665
2326.636667,80.743665
2326.683889,80.743665
2327.267778,80.743665
2327.339722,80.743665
2327.528611,79.775826
2327.628333,80.743665
2327.830556,80.743665
2327.8825,80.743665
2328.102778,80.743665
2328.162222,80.743665
2328.3375,80.743665
2328.563611,79.775826
2328.683611,80.743665
2329.092778,79.775826
2329.274722,80.743665
2329.341111,80.743665
2329.524167,80.743665
2329.633333,80.743665
2329.824167,80.743665
2329.876389,80.743665
2330.1,79.775826
2330.150833,79.775826
2330.331944,79.775826
2330.361111,79.775826
2330.579444,80.743665
2330.630556,80.743665
2330.701944,80.743665
2331.245556,80.743665
2331.3575,79.775826
2331.535278,79.775826
2331.628333,79.775826
2331.835,80.743665
2331.887222,80.743665
2332.134167,80.743665
2332.158889,80.743665
2332.333889,80.743665
2332.358056,80.743665
2332.581111,80.743665
2332.652222,80.743665
2332.695278,80.743665
2333.258611,80.743665
2333.355833,80.743665
2333.402778,80.743665
2333.533889,80.743665
2333.615278,79.775826
2333.793333,80.743665
2333.856111,80.743665
2334.091111,80.743665
2334.146111,80.743665
2334.330556,80.743665
2334.363333,80.743665
2334.582778,80.743665
2334.633889,80.743665
2334.707778,80.743665
2335.276389,80.743665
2335.369722,80.743665
2335.465278,80.743665
2335.568889,80.743665
2335.625556,80.743665
2335.805,79.775826
2335.860833,79.775826
2336.069444,80.743665
2336.126389,80.743665
2336.304167,80.743665
2336.355278,80.743665
2336.583611,80.743665
2336.6475,80.743665
2336.690833,80.743665
2337.252222,80.743665
2337.336944,80.743665
2337.503333,79.775826
2337.640556,80.743665
2337.815833,79.775826
2337.84,79.775826
2338.07,79.775826
2338.161944,79.775826
2338.348889,79.775826
2338.580833,79.775826
2338.650556,80.743665
2338.694167,80.743665
2339.258889,80.743665
2339.354444,80.743665
2339.530278,79.775826
2339.639444,79.775826
2339.809444,80.743665
2339.833611,80.743665
2340.005833,80.743665
2340.131667,80.743665
2340.293056,80.743665
2340.348333,80.743665
2340.511111,80.743665
2340.634722,80.743665
2340.709167,80.743665
2341.266111,79.775826
2341.359167,79.775826
2341.528611,80.743665
2341.618889,80.743665
2341.796944,80.743665
2341.852778,80.743665
2342.076389,80.743665
2342.145833,79.775826
2342.327778,79.775826
2342.351944,79.775826
2342.588889,80.743665
2342.683611,79.775826
2343.078611,80.743665
2343.268611,79.775826
2343.365,80.743665
2343.580833,80.743665
2343.633056,79.775826
2343.811944,79.775826
2343.864444,79.775826
2344.073333,79.775826
2344.130278,79.775826
2344.315833,80.743665
2344.366944,80.743665
2344.578889,79.775826
2344.650833,79.775826
2344.693889,80.743665
2345.276389,79.775826
2345.345278,79.775826
2345.520556,79.775826
2345.616111,79.775826
2345.809444,79.775826
2345.861944,79.775826
2346.102778,79.775826
2346.1625,79.775826
2346.346389,80.743665
2346.370833,79.775826
2346.574444,79.775826
2346.632778,79.775826
2346.709167,79.775826
2347.259722,80.743665
2347.368889,79.775826
2347.592778,79.775826
2347.652778,79.775826
2347.825278,79.775826
2347.849444,79.775826
2348.0925,80.743665
2348.1625,80.743665
2348.331111,80.743665
2348.352222,80.743665
2348.574722,80.743665
2348.629722,79.775826
2348.699722,79.775826
2349.267222,80.743665
2349.356667,80.743665
2349.596667,79.775826
2349.653056,79.775826
2349.838056,79.775826
2349.862222,79.775826
2350.0925,79.775826
2350.151111,79.775826
2350.319722,80.743665
2350.343889,80.743665
2350.448611,80.743665
2350.519167,80.743665
2350.625278,79.775826
2350.701389,79.775826
2351.243611,79.775826
2351.333611,79.775826
2351.560278,79.775826
2351.629444,79.775826
2351.816389,79.775826
2351.868333,79.775826
2352.098889,80.743665
2352.160278,80.743665
2352.346389,79.775826
2352.515833,79.775826
2352.622222,79.775826
2352.706111,80.743665
2353.253333,79.775826
2353.352222,79.775826
2353.543056,79.775826
2353.648333,78.807987
2353.833611,79.775826
2353.857778,79.775826
2354.080278,79.775826
2354.140278,79.775826
2354.319444,79.775826
2354.358333,79.775826
2354.588889,79.775826
2354.64,79.775826
2354.683333,79.775826
2355.249167,79.775826
2355.361111,79.775826
2355.582778,79.775826
2355.633889,79.775826
2355.821111,79.775826
2355.876111,79.775826
2356.095,79.775826
2356.15,79.775826
2356.334167,79.775826
2356.358889,79.775826
2356.578611,79.775826
2356.629722,79.775826
2356.703611,79.775826
2357.230556,80.743665
2357.335833,80.743665
2357.518611,80.743665
2357.648333,79.775826
2357.824722,79.775826
2357.849722,79.775826
2358.075833,79.775826
2358.146389,79.775826
2358.33,79.775826
2358.354167,79.775826
2358.565278,79.775826
2358.64,79.775826
2358.683333,79.775826
2359.236389,79.775826
2359.351111,79.775826
2359.521944,79.775826
2359.634167,79.775826
2359.836667,78.807987
2359.905278,78.807987
2360.149722,80.743665
2360.173889,79.775826
2360.346944,79.775826
2360.519167,79.775826
2360.623333,79.775826
2360.705,79.775826
2361.243333,79.775826
2361.350833,79.775826
2361.579167,79.775826
2361.634167,79.775826
2361.817778,79.775826
2361.872778,79.775826
2362.098889,79.775826
2362.158056,79.775826
2362.341944,79.775826
2362.366111,79.775826
2362.598333,79.775826
2362.658889,79.775826
2362.706111,79.775826
2363.262222,79.775826
2363.350833,79.775826
2363.539722,79.775826
2363.654444,79.775826
2363.820833,79.775826
2363.847778,79.775826
2363.862778,79.775826
2364.060833,79.775826
2364.134167,79.775826
2364.319167,79.775826
2364.343611,79.775826
2364.5125,79.775826
2364.621944,80.743665
2364.696667,79.775826
2365.213056,79.775826
2365.361389,79.775826
2365.584444,79.775826
2365.636111,79.775826
2365.8175,79.775826
2365.842222,79.775826
2365.937778,79.775826
2366.009722,80.743665
2366.148333,79.775826
2366.331389,79.775826
2366.355556,79.775826
2366.538056,79.775826
2366.627222,79.775826
2366.698333,79.775826
2367.240556,79.775826
2367.348611,79.775826
2367.565278,78.807987
2367.631111,78.807987
2367.823056,79.775826
2367.881944,79.775826
2368.103333,79.775826
2368.163333,79.775826
2368.355,79.775826
2368.583611,79.775826
2368.636111,79.775826
2368.683889,79.775826
2369.260833,79.775826
2369.378333,79.775826
2369.604722,79.775826
2369.663611,80.743665
2369.8375,79.775826
2370.009167,79.775826
2370.148333,80.743665
2370.313056,79.775826
2370.337222,80.743665
2370.522222,80.743665
2370.652222,80.743665
2370.695278,79.775826
2371.254167,79.775826
2371.341389,79.775826
2371.515556,79.775826
2371.63,79.775826
2371.798333,79.775826
2371.857222,79.775826
2372.097222,79.775826
2372.152222,79.775826
2372.330556,79.775826
2372.354722,79.775826
2372.530556,79.775826
2372.619722,79.775826
2372.703611,79.775826
2373.249722,79.775826
2373.334444,79.775826
2373.519722,79.775826
2373.644444,79.775826
2373.8475,79.775826
2373.871944,79.775826
2374.080556,79.775826
2374.132222,79.775826
2374.316389,79.775826
2374.345278,79.775826
2374.513889,79.775826
2374.622778,79.775826
2374.697222,79.775826
2375.245833,79.775826
2375.364167,79.775826
2375.596111,79.775826
2375.652778,79.775826
2375.831389,79.775826
2375.856111,79.775826
2376.083889,79.775826
2376.149167,79.775826
2376.336389,79.775826
2376.360556,79.775826
2376.586111,79.775826
2376.638611,79.775826
2376.681667,79.775826
2377.267778,79.775826
2377.361944,79.775826
2377.533056,79.775826
2377.630278,79.775826
2377.808333,79.775826
2377.860556,79.775826
2378.088889,79.775826
2378.153611,79.775826
2378.330278,79.775826
2378.354444,79.775826
2378.525833,79.775826
2378.626111,79.775826
2378.696389,79.775826
2379.220556,79.775826
2379.330278,79.775826
2379.518333,79.775826
2379.654722,79.775826
2379.826944,79.775826
2379.851111,79.775826
2380.090278,79.775826
2380.165833,79.775826
2380.343611,79.775826
2380.515,79.775826
2380.620833,78.807987
2380.698611,79.775826
2381.223611,78.807987
2381.319444,79.775826
2381.491667,79.775826
2381.620833,78.807987
2381.790278,79.775826
2381.845,79.775826
2382.068889,78.807987
2382.133889,78.807987
2382.308611,79.775826
2382.332778,79.775826
2382.513889,78.807987
2382.641389,79.775826
2382.684722,79.775826
2383.2775,78.807987
2383.3475,78.807987
2383.524167,79.775826
2383.636111,79.775826
2383.806667,79.775826
2383.830556,79.775826
2384.069722,79.775826
2384.156667,79.775826
2384.337778,79.775826
2384.361944,78.807987
2384.576111,79.775826
2384.631667,79.775826
2384.701667,79.775826
2385.264167,79.775826
2385.352778,79.775826
2385.552778,78.807987
2385.658333,78.807987
2385.849444,79.775826
2385.874167,79.775826
2386.102778,78.807987
2386.163333,78.807987
2386.341111,79.775826
2386.581389,79.775826
2386.634722,79.775826
2386.678889,79.775826
2387.254722,78.807987
2387.343889,78.807987
2387.520833,79.775826
2387.636111,79.775826
2387.811667,79.775826
2387.835833,79.775826
2388.064167,79.775826
2388.155556,78.807987
2388.338889,79.775826
2388.363333,79.775826
2388.597222,79.775826
2388.649167,79.775826
2388.6925,79.775826
2389.275,79.775826
2389.350556,79.775826
2389.530833,79.775826
2389.642222,79.775826
2389.81,78.807987
2389.834167,78.807987
2390.066944,78.807987
2390.161111,79.775826
2390.355,78.807987
2390.5825,79.775826
2390.634444,79.775826
2390.716667,79.775826
2391.265833,79.775826
2391.332778,78.807987
2391.505556,78.807987
2391.641944,79.775826
2391.819444,79.775826
2391.843611,79.775826
2392.075833,79.775826
2392.149722,79.775826
2392.328889,79.775826
2392.353611,79.775826
2392.575556,79.775826
2392.650833,79.775826
2392.695,79.775826
2393.370833,79.775826
2393.455556,79.775826
2393.649167,79.775826
2393.845833,79.775826
2393.869722,79.775826
2394.168333,78.807987
2394.356111,78.807987
2394.528611,78.807987
2394.636389,78.807987
2394.683611,78.807987
2395.292222,78.807987
2395.363333,78.807987
2395.591944,79.775826
2395.659444,78.807987
2395.8575,79.775826
2395.8825,79.775826
2396.123056,79.775826
2396.179167,79.775826
2396.368056,78.807987
2396.580278,78.807987
2396.636111,78.807987
2396.683056,78.807987
2397.27,78.807987
2397.360556,79.775826
2397.600833,78.807987
2397.655833,78.807987
2397.822778,78.807987
2397.852222,78.807987
2398.090556,79.775826
2398.145556,79.775826
2398.334167,78.807987
2398.366389,78.807987
2398.604722,79.775826
2398.680278,79.775826
2398.9525,79.775826
2399.146944,79.775826
2399.332222,78.807987
2399.3575,78.807987
2399.580278,79.775826
2399.65,79.775826
2399.825833,79.775826
2399.85,79.775826
2400.075833,78.807987
2400.145,78.807987
2400.334444,78.807987
2400.359444,79.775826
2400.576667,79.775826
2400.628611,79.775826
2400.704167,79.775826
2400.973333,79.775826
2401.288056,78.807987
2401.357222,78.807987
2401.593056,79.775826
2401.652222,78.807987
2401.837222,79.775826
2401.861944,79.775826
2402.102778,79.775826
2402.158333,79.775826
2402.340278,79.775826
2402.364444,79.775826
2402.590556,79.775826
2402.645556,79.775826
2402.693056,79.775826
2403.286944,79.775826
2403.361944,79.775826
2403.542778,79.775826
2403.644167,79.775826
2403.846667,79.775826
2403.875833,79.775826
2404.101111,79.775826
2404.162778,79.775826
2404.353611,78.807987
2404.590556,78.807987
2404.6575,78.807987
2404.705,78.807987
2405.3,79.775826
2405.351944,79.775826
2405.557222,79.775826
2405.623333,79.775826
2405.794444,79.775826
2405.845833,79.775826
2406.0825,79.775826
2406.147778,79.775826
2406.345,79.775826
2406.369167,78.807987
2406.5875,78.807987
2406.639167,78.807987
2406.683333,78.807987
2407.284722,78.807987
2407.340833,78.807987
2407.525833,78.807987
2407.634444,78.807987
2407.818889,78.807987
2407.874722,78.807987
2408.091389,78.807987
2408.147778,78.807987
2408.330278,79.775826
2408.358333,78.807987
2408.530278,78.807987
2408.641667,78.807987
2408.685278,78.807987
2409.267778,79.775826
2409.35,79.775826
2409.540833,79.775826
2409.651111,79.775826
2409.845278,79.775826
2409.877778,79.775826
2410.097222,78.807987
2410.158889,78.807987
2410.347222,78.807987
2410.375556,78.807987
2410.598889,79.775826
2410.650833,78.807987
2410.694444,78.807987
2411.278333,79.775826
2411.341111,79.775826
2411.596944,78.807987
2411.667222,78.807987
2411.836111,79.775826
2412.056667,78.807987
2412.150278,78.807987
2412.331944,78.807987
2412.356389,78.807987
2412.576667,79.775826
2412.647778,79.775826
2412.695278,78.807987
2413.262778,78.807987
2413.359167,78.807987
2413.536389,78.807987
2413.641667,79.775826
2413.820556,78.807987
2413.849167,78.807987
2414.067778,78.807987
2414.134167,78.807987
2414.316389,78.807987
2414.344722,78.807987
2414.577222,79.775826
2414.643333,79.775826
2414.690556,78.807987
2415.2725,79.775826
2415.372778,78.807987
2415.599444,78.807987
2415.650833,78.807987
2415.831667,78.807987
2415.856667,78.807987
2416.091111,78.807987
2416.161944,78.807987
2416.351389,78.807987
2416.524444,78.807987
2416.631944,78.807987
2416.703056,79.775826
2417.245278,79.775826
2417.367222,79.775826
2417.592222,79.775826
2417.645,79.775826
2417.849167,79.775826
2417.874444,79.775826
2418.107778,78.807987
2418.168056,78.807987
2418.363056,78.807987
2418.579444,78.807987
2418.631667,78.807987
2418.7075,78.807987
2419.303056,78.807987
2419.358889,78.807987
2419.535278,78.807987
2419.629167,78.807987
2419.807222,78.807987
2419.862222,78.807987
2420.107222,79.775826
2420.158333,79.775826
2420.342222,78.807987
2420.366667,78.807987
2420.599444,78.807987
2420.653611,78.807987
2420.6975,78.807987
2421.306944,78.807987
2421.374722,78.807987
2421.609722,79.775826
2421.662222,79.775826
2421.841389,78.807987
2422.082222,78.807987
2422.151667,78.807987
2422.345833,79.775826
2422.37,79.775826
2422.596111,78.807987
2422.651389,78.807987
2422.695,78.807987
2423.304722,78.807987
2423.363889,78.807987
2423.594167,78.807987
2423.650278,78.807987
2423.831111,78.807987
2423.858333,78.807987
2424.081111,78.807987
2424.150278,79.775826
2424.3525,79.775826
2424.376667,79.775826
2424.631667,78.807987
2424.706111,78.807987
2425.175556,79.775826
2425.371111,78.807987
2425.59,78.807987
2425.6425,79.775826
2425.818056,78.807987
2425.842222,78.807987
2426.0625,78.807987
2426.127778,78.807987
2426.309167,78.807987
2426.361667,78.807987
2426.576944,78.807987
2426.632778,78.807987
2426.708333,78.807987
2427.249167,79.775826
2427.340833,79.775826
2427.52,78.807987
2427.666667,78.807987
2427.859167,79.775826
2428.085833,78.807987
2428.141667,78.807987
2428.346389,78.807987
2428.371667,78.807987
2428.611944,78.807987
2428.685833,78.807987
2429.126944,78.807987
2429.311111,78.807987
2429.366667,78.807987
2429.552778,78.807987
2429.650833,78.807987
2429.841944,78.807987
2429.866389,78.807987
2430.106389,78.807987
2430.166667,78.807987
2430.346667,78.807987
2430.602222,78.807987
2430.690556,79.775826
2431.153611,79.775826
2431.332222,79.775826
2431.361389,78.807987
2431.583056,78.807987
2431.648333,78.807987
2431.823889,78.807987
2431.848333,78.807987
2432.075,78.807987
2432.140833,79.775826
2432.3125,78.807987
2432.340833,78.807987
2432.571111,78.807987
2432.643333,78.807987
2432.690556,78.807987
2433.246111,78.807987
2433.338889,78.807987
2433.528333,78.807987
2433.657778,78.807987
2433.849167,78.807987
2433.874444,78.807987
2434.101111,79.775826
2434.116111,79.775826
2434.152778,78.807987
2434.316667,78.807987
2434.341111,78.807987
2434.523889,78.807987
2434.6225,78.807987
2434.693333,78.807987
2435.226111,78.807987
2435.343889,78.807987
2435.515,78.807987
2435.628889,79.775826
2435.819444,79.775826
2435.874444,79.775826
2436.109722,78.807987
2436.163056,78.807987
2436.265833,78.807987
2436.343333,78.807987
2436.572778,78.807987
2436.642222,78.807987
2436.690833,78.807987
2437.253611,78.807987
2437.3525,79.775826
2437.608333,78.807987
2437.663333,78.807987
2437.845278,78.807987
2438.004167,78.807987
2438.137222,78.807987
2438.330278,78.807987
2438.354444,78.807987
2438.588333,78.807987
2438.652222,78.807987
2438.700556,78.807987
2439.31,78.807987
2439.361111,78.807987
2439.598611,78.807987
2439.6625,78.807987
2439.839722,78.807987
2440.069444,78.807987
2440.136111,78.807987
2440.323333,78.807987
2440.347778,78.807987
2440.566944,79.775826
2440.638889,79.775826
2440.6825,79.775826
2441.293056,78.807987
2441.363056,78.807987
2441.5875,78.807987
2441.639167,78.807987
2441.838056,78.807987
2441.867222,78.807987
2442.108611,78.807987
2442.166111,78.807987
2442.366111,78.807987
2442.609722,78.807987
2442.683889,78.807987
2443.116111,78.807987
2443.299444,78.807987
2443.356944,78.807987
2443.607778,78.807987
2443.6675,78.807987
2443.855556,78.807987
2444.093889,78.807987
2444.164444,78.807987
2444.333889,78.807987
2444.508056,78.807987
2444.641111,78.807987
2444.684722,78.807987
2445.293056,78.807987
2445.366111,78.807987
2445.576667,78.807987
2445.633889,78.807987
2445.830556,78.807987
2445.888333,78.807987
2446.122222,78.807987
2446.146944,78.807987
2446.334722,78.807987
2446.36,78.807987
2446.583333,78.807987
2446.638333,78.807987
2446.681667,78.807987
2447.289722,78.807987
2447.356667,78.807987
2447.573611,78.807987
2447.628889,78.807987
2447.8025,78.807987
2447.853611,78.807987
2448.077222,78.807987
2448.151667,78.807987
2448.3375,78.807987
2448.361389,78.807987
2448.580833,78.807987
2448.644167,78.807987
2448.6875,78.807987
2449.298333,78.807987
2449.368889,78.807987
2449.383889,78.807987
2449.593889,78.807987
2449.646111,78.807987
2449.845833,79.775826
2449.870278,79.775826
2450.108056,78.807987
2450.163889,78.807987
2450.338056,78.807987
2450.572778,78.807987
2450.643333,78.807987
2450.687222,78.807987
2451.287222,78.807987
2451.347222,78.807987
2451.461389,78.807987
2451.538056,78.807987
2451.670833,78.807987
2451.852778,78.807987
2452.01,78.807987
2452.126944,78.807987
2452.309722,78.807987
2452.365,78.807987
2452.588611,78.807987
2452.642222,78.807987
2452.686389,78.807987
2453.313611,78.807987
2453.338333,78.807987
2453.516389,78.807987
2453.646667,78.807987
2453.830833,78.807987
2453.855,78.807987
2454.087222,78.807987
2454.143889,78.807987
2454.312222,78.807987
2454.338889,78.807987
2454.508889,78.807987
2454.651111,78.807987
2454.694444,78.807987
2455.327778,78.807987
2455.385278,78.807987
2455.600278,78.807987
2455.630556,78.807987
2455.809167,78.807987
2455.834722,78.807987
2456.065556,78.807987
2456.153889,78.807987
2456.3275,78.807987
2456.355833,78.807987
2456.591944,78.807987
2456.647222,78.807987
2456.690556,78.807987
2457.319722,78.807987
2457.386111,78.807987
2457.616111,78.807987
2457.641111,78.807987
2457.830556,78.807987
2457.855,78.807987
2458.056944,78.807987
2458.122778,78.807987
2458.329444,78.807987
2458.380556,78.807987
2458.6175,78.807987
2458.643056,78.807987
2458.686944,78.807987
2459.28,78.807987
2459.35,78.807987
2459.584444,78.807987
2459.658611,78.807987
2459.849722,78.807987
2459.874444,78.807987
2460.109722,78.807987
2460.163611,78.807987
2460.336667,78.807987
2460.515,77.840148
2460.650278,78.807987
2460.694167,78.807987
2461.326389,78.807987
2461.378611,78.807987
2461.606111,78.807987
2461.658333,78.807987
2461.848611,78.807987
2461.873056,78.807987
2462.097222,78.807987
2462.1525,78.807987
2462.342222,78.807987
2462.366667,78.807987
2462.6225,78.807987
2462.696944,78.807987
2463.130278,78.807987
2463.321111,78.807987
2463.380278,78.807987
2463.605833,78.807987
2463.657778,78.807987
2463.8625,78.807987
2463.889444,78.807987
2464.093889,78.807987
2464.108056,78.807987
2464.132222,78.807987
2464.312778,78.807987
2464.368889,78.807987
2464.580833,78.807987
2464.631944,78.807987
2464.706111,78.807987
2465.248889,78.807987
2465.37,78.807987
2465.586389,78.807987
2465.653889,78.807987
2465.843611,78.807987
2465.868889,78.807987
2466.124444,78.807987
2466.176111,78.807987
2466.289444,78.807987
2466.381944,78.807987
2466.64,78.807987
2466.683333,78.807987
2467.133333,78.807987
2467.2825,78.807987
2467.360556,78.807987
2467.606944,78.807987
2467.662222,78.807987
2467.863889,78.807987
2468.1025,78.807987
2468.163056,78.807987
2468.351111,78.807987
2468.594444,78.807987
2468.6875,78.807987
2469.127778,78.807987
2469.304444,78.807987
2469.356667,78.807987
2469.545833,78.807987
2469.651944,78.807987
2469.833056,78.807987
2469.8575,78.807987
2470.112778,78.807987
2470.169167,78.807987
2470.353611,78.807987
2470.544167,78.807987
2470.651667,78.807987
2470.695,78.807987
2471.263611,78.807987
2471.351111,78.807987
2471.519167,78.807987
2471.63,78.807987
2471.843611,78.807987
2471.868056,78.807987
2472.135,78.807987
2472.186111,78.807987
2472.344167,78.807987
2472.524444,78.807987
2472.627778,78.807987
2472.703333,78.807987
2473.295,78.807987
2473.354167,78.807987
2473.544167,78.807987
2473.6425,78.807987
2473.831667,78.807987
2473.858611,78.807987
2474.086111,78.807987
2474.148056,78.807987
2474.33,78.807987
2474.354167,78.807987
2474.575833,78.807987
2474.635,78.807987
2474.679444,78.807987
2475.281389,78.807987
2475.350833,78.807987
2475.566944,78.807987
2475.632778,78.807987
2475.799444,78.807987
2475.858611,78.807987
2476.09,78.807987
2476.150833,78.807987
2476.348611,78.807987
2476.377778,78.807987
2476.595278,78.807987
2476.646667,78.807987
2476.692778,78.807987
2477.313611,78.807987
2477.368889,78.807987
2477.591389,78.807987
2477.6425,78.807987
2477.827778,78.807987
2477.852778,78.807987
2478.081944,78.807987
2478.134167,78.807987
2478.307222,78.807987
2478.362222,78.807987
2478.580833,78.807987
2478.637222,78.807987
2478.680556,78.807987
2479.285,78.807987
2479.358333,78.807987
2479.373611,78.807987
2479.555556,78.807987
2479.650278,78.807987
2479.8575,78.807987
2479.881944,79.775826
2480.110833,78.807987
2480.163056,78.807987
2480.385,78.807987
2480.608333,78.807987
2480.633611,78.807987
2480.682222,78.807987
2481.258056,78.807987
2481.363333,78.807987
2481.465,78.807987
2481.584444,78.807987
2481.645278,78.807987
2481.827222,78.807987
2481.851944,78.807987
2482.088333,78.807987
2482.161667,78.807987
2482.334444,78.807987
2482.496389,78.807987
2482.64,78.807987
2482.691389,78.807987
2483.261111,78.807987
2483.346111,78.807987
2483.535833,78.807987
2483.650556,78.807987
2483.829444,78.807987
2483.860278,78.807987
2484.097778,78.807987
2484.151111,78.807987
2484.359167,78.807987
2484.383611,78.807987
2484.613333,78.807987
2484.6925,78.807987
2485.116111,78.807987
2485.291111,78.807987
2485.351389,78.807987
2485.531389,78.807987
2485.636389,78.807987
2485.818611,78.807987
2485.846944,78.807987
2486.078056,78.807987
2486.143611,78.807987
2486.333333,78.807987
2486.357778,78.807987
2486.582222,78.807987
2486.638333,78.807987
2486.682222,78.807987
2487.240556,78.807987
2487.359722,78.807987
2487.600556,78.807987
2487.656111,78.807987
2487.837222,78.807987
2487.861667,78.807987
2488.101944,78.807987
2488.153056,78.807987
2488.333333,78.807987
2488.364167,78.807987
2488.621944,78.807987
2488.697222,78.807987
2489.123889,78.807987
2489.305278,78.807987
2489.359167,78.807987
2489.610556,78.807987
2489.678889,78.807987
2489.861111,78.807987
2490.096389,78.807987
2490.1475,78.807987
2490.327222,78.807987
2490.355556,78.807987
2490.585833,78.807987
2490.641667,78.807987
2490.685556,78.807987
2491.269722,78.807987
2491.368056,78.807987
2491.606111,78.807987
2491.665278,78.807987
2491.861111,78.807987
2492.114722,78.807987
2492.174722,78.807987
2492.355556,78.807987
2492.578333,78.807987
2492.661667,78.807987
2492.705556,78.807987
2493.268611,78.807987
2493.335,78.807987
2493.565556,78.807987
2493.634722,78.807987
2493.814722,78.807987
2493.845556,78.807987
2494.081389,78.807987
2494.1475,78.807987
2494.340278,78.807987
2494.369444,78.807987
2494.605,78.807987
2494.620278,78.807987
2494.656667,78.807987
2494.700833,78.807987
2495.310833,78.807987
2495.372222,78.807987
2495.5525,78.807987
2495.658333,78.807987
2495.836389,78.807987
2495.861667,78.807987
2496.09,78.807987
2496.141111,78.807987
2496.307778,78.807987
2496.336111,78.807987
2496.508333,78.807987
2496.638056,78.807987
2496.681389,78.807987
2496.936944,78.807987
2497.236944,78.807987
2497.346944,78.807987
2497.518889,78.807987
2497.639722,78.807987
2497.831389,78.807987
2497.855556,78.807987
2498.08,78.807987
2498.131389,78.807987
2498.316667,78.807987
2498.373056,78.807987
2498.591667,78.807987
2498.645556,78.807987
2498.693611,78.807987
2499.288333,78.807987
2499.354167,78.807987
2499.523333,78.807987
2499.628611,78.807987
2499.825833,78.807987
2499.881389,78.807987
2500.105556,78.807987
2500.160833,78.807987
2500.359167,78.807987
2500.584167,78.807987
2500.635278,78.807987
2500.679722,78.807987
2501.299444,78.807987
2501.351944,78.807987
2501.575556,78.807987
2501.629444,78.807987
2501.809722,78.807987
2501.860556,78.807987
2502.0825,78.807987
2502.134722,78.807987
2502.299722,78.807987
2502.323889,78.807987
2502.506111,78.807987
2502.636111,78.807987
2502.68,78.807987
2503.25,78.807987
2503.337778,78.807987
2503.515556,78.807987
2503.6375,78.807987
2503.815278,78.807987
2503.851667,78.807987
2504.075278,78.807987
2504.145833,78.807987
2504.315278,78.807987
2504.339444,78.807987
2504.558889,78.807987
2504.628333,78.807987
2504.7,78.807987
2505.253333,78.807987
2505.345833,78.807987
2505.516667,78.807987
2505.624167,78.807987
2505.796111,78.807987
2505.864167,78.807987
2506.110556,78.807987
2506.1675,78.807987
2506.333333,78.807987
2506.578333,78.807987
2506.693056,78.807987
2507.1375,78.807987
2507.308889,78.807987
2507.342222,78.807987
2507.566944,78.807987
2507.633333,78.807987
2507.825,78.807987
2507.884167,78.807987
2508.126667,78.807987
2508.177778,78.807987
2508.376389,78.807987
2508.585,78.807987
2508.64,78.807987
2508.683333,78.807987
2509.258056,78.807987
2509.39,78.807987
2509.621944,78.807987
2509.650278,78.807987
2509.8425,78.807987
2509.866667,78.807987
2509.885833,78.807987
2510.114167,78.807987
2510.174167,78.807987
2510.344722,78.807987
2510.507222,78.807987
2510.61,78.807987
2510.680556,78.807987
2511.238056,78.807987
2511.357778,78.807987
2511.608611,78.807987
2511.663611,78.807987
2511.8525,78.807987
2511.9525,78.807987
2512.080833,78.807987
2512.146389,78.807987
2512.341944,78.807987
2512.366111,78.807987
2512.582778,78.807987
2512.641944,78.807987
2512.689167,78.807987
2513.263611,78.807987
2513.360556,78.807987
2513.525833,78.807987
2513.6125,78.807987
2513.801944,78.807987
2513.858333,78.807987
2514.0725,78.807987
2514.1325,78.807987
2514.306667,78.807987
2514.361944,78.807987
2514.592778,78.807987
2514.649722,78.807987
2514.693889,78.807987
2515.270278,78.807987
2515.369722,78.807987
2515.608889,78.807987
2515.664167,78.807987
2515.839722,78.807987
2516.076944,78.807987
2516.166111,78.807987
2516.354722,78.807987
2516.573611,78.807987
2516.646944,78.807987
2516.690278,78.807987
2517.270278,78.807987
2517.340833,78.807987
2517.531111,78.807987
2517.632778,78.807987
2517.798333,78.807987
2517.849167,78.807987
2518.066389,78.807987
2518.131667,78.807987
2518.318611,78.807987
2518.379722,78.807987
2518.588056,78.807987
2518.646944,78.807987
2518.690278,78.807987
2519.231389,78.807987
2519.353889,78.807987
2519.567778,78.807987
2519.637222,78.807987
2519.830556,78.807987
2519.859444,78.807987
2520.077778,78.807987
2520.129722,78.807987
2520.313611,78.807987
2520.365278,78.807987
2520.588611,78.807987
2520.6525,78.807987
2520.695833,78.807987
2521.266111,78.807987
2521.333889,78.807987
2521.513056,78.807987
2521.644167,78.807987
2521.814167,78.807987
2521.839444,78.807987
2522.055833,78.807987
2522.122222,78.807987
2522.288333,78.807987
2522.343889,78.807987
2522.5125,78.807987
2522.607778,78.807987
2522.69,78.807987
2523.229444,78.807987
2523.3625,78.807987
2523.531389,78.807987
2523.622222,78.807987
2523.808333,78.807987
2523.859722,78.807987
2524.106111,78.807987
2524.1625,78.807987
2524.337778,78.807987
2524.525556,78.807987
2524.609444,78.807987
2524.639167,78.807987
2524.686389,78.807987
2525.261389,78.807987
2525.382778,78.807987
2525.5975,78.807987
2525.661389,78.807987
2525.836667,78.807987
2526.054167,78.807987
2526.150556,78.807987
2526.323056,78.807987
2526.354444,78.807987
2526.568333,78.807987
2526.620833,78.807987
2526.700278,78.807987
2526.958611,78.807987
2527.2625,78.807987
2527.356389,78.807987
2527.573056,78.807987
2527.628889,78.807987
2527.816944,78.807987
2527.869167,78.807987
2528.090833,78.807987
2528.154444,78.807987
2528.329722,78.807987
2528.354167,78.807987
2528.572778,78.807987
2528.645833,78.807987
2528.689167,78.807987
2529.29,78.807987
2529.379722,78.807987
2529.603333,78.807987
2529.648056,78.807987
2529.825278,78.807987
2529.849444,78.807987
2530.091389,78.807987
2530.165278,78.807987
2530.351667,78.807987
2530.583056,78.807987
2530.6075,78.807987
2530.659167,78.807987
2530.7025,78.807987
2531.310278,78.807987
2531.370278,78.807987
2531.603056,78.807987
2531.653889,78.807987
2531.843333,77.840148
2531.868611,77.840148
2532.089722,78.807987
2532.145,78.807987
2532.331111,77.840148
2532.355278,77.840148
2532.574722,78.807987
2532.640833,78.807987
2532.684167,78.807987
2533.301389,78.807987
2533.393333,78.807987
2533.648056,78.807987
2533.676111,78.807987
2533.861944,78.807987
2534.096389,77.840148
2534.148611,78.807987
2534.344444,78.807987
2534.369722,78.807987
2534.480278,78.807987
2534.618056,78.807987
2534.688889,77.840148
2535.098333,78.807987
2535.292222,78.807987
2535.361944,77.840148
2535.619722,78.807987
2535.670833,78.807987
2535.842778,78.807987
2536.086111,78.807987
2536.1575,77.840148
2536.327778,77.840148
2536.351944,77.840148
2536.587778,78.807987
2536.638889,78.807987
2536.686389,78.807987
2537.259722,78.807987
2537.353333,78.807987
2537.53,78.807987
2537.638333,77.840148
2537.821667,78.807987
2537.845833,78.807987
2538.085556,78.807987
2538.153333,78.807987
2538.3325,77.840148
2538.356944,78.807987
2538.575278,77.840148
2538.638333,77.840148
2538.685833,77.840148
2539.251944,77.840148
2539.349722,77.840148
2539.581111,77.840148
2539.657778,77.840148
2539.824444,77.840148
2539.848333,77.840148
2539.858056,77.840148
2540.089167,78.807987
2540.149722,78.807987
2540.320833,78.807987
2540.345,78.807987
2540.594444,78.807987
2540.690278,78.807987
2541.114722,78.807987
2541.306667,78.807987
2541.362778,78.807987
2541.536111,77.840148
2541.632778,77.840148
2541.833889,78.807987
2541.895556,78.807987
2542.001111,78.807987
2542.15,78.807987
2542.179167,77.840148
2542.388056,78.807987
2542.625833,78.807987
2542.650278,78.807987
2542.6975,78.807987
2543.304444,77.840148
2543.366111,78.807987
2543.588611,78.807987
2543.641667,78.807987
2543.829722,78.807987
2543.854167,78.807987
2544.081111,78.807987
2544.152222,78.807987
2544.338889,77.840148
2544.363056,77.840148
2544.585833,77.840148
2544.641667,77.840148
2544.685833,77.840148
2545.306944,78.807987
2545.363611,78.807987
2545.584722,78.807987
2545.643611,78.807987
2545.835833,78.807987
2545.865,78.807987
2546.100556,78.807987
2546.152222,77.840148
2546.343056,78.807987
2546.368056,77.840148
2546.584444,77.840148
2546.651389,77.840148
2546.694722,77.840148
2547.322222,77.840148
2547.382778,77.840148
2547.618333,77.840148
2547.6425,77.840148
2547.825,77.840148
2547.853056,77.840148
2548.074722,78.807987
2548.146389,78.807987
2548.316111,78.807987
2548.340556,78.807987
2548.560556,78.807987
2548.649722,78.807987
2548.694167,78.807987
2549.261111,77.840148
2549.326389,77.840148
2549.5075,77.840148
2549.644444,77.840148
2549.829444,77.840148
2549.853611,78.807987
2550.088333,78.807987
2550.148611,78.807987
2550.335,77.840148
2550.359167,77.840148
2550.590833,77.840148
2550.651389,77.840148
2550.694722,77.840148
2551.276111,78.807987
2551.373056,78.807987
2551.542222,78.807987
2551.636944,77.840148
2551.801111,77.840148
2551.825278,77.840148
2551.994444,77.840148
2552.131667,77.840148
2552.308333,77.840148
2552.365833,77.840148
2552.572778,77.840148
2552.631944,77.840148
2552.706667,77.840148
2553.265278,77.840148
2553.362778,77.840148
2553.581111,77.840148
2553.646667,77.840148
2553.839444,77.840148
2553.863333,77.840148
2554.093333,77.840148
2554.144167,77.840148
2554.333889,77.840148
2554.358056,77.840148
2554.609444,77.840148
2554.684444,77.840148
2555.127778,77.840148
2555.302222,77.840148
2555.355278,77.840148
2555.370278,77.840148
2555.599167,77.840148
2555.67,77.840148
2555.856944,77.840148
2556.089722,77.840148
2556.142778,77.840148
2556.330833,77.840148
2556.355833,77.840148
2556.590833,77.840148
2556.6475,77.840148
2556.699722,77.840148
2557.287222,77.840148
2557.346389,77.840148
2557.457778,77.840148
2557.576667,77.840148
2557.647222,77.840148
2557.83,77.840148
2557.854444,77.840148
2558.084167,77.840148
2558.155278,77.840148
2558.345,77.840148
2558.369444,77.840148
2558.603611,77.840148
2558.655556,77.840148
2558.703611,77.840148
2559.2925,77.840148
2559.361667,77.840148
2559.575278,77.840148
2559.6275,77.840148
2559.813889,77.840148
2559.869444,77.840148
2560.117222,77.840148
2560.168333,77.840148
2560.346111,77.840148
2560.583889,77.840148
2560.654722,77.840148
2560.702778,77.840148
2561.286944,77.840148
2561.360278,77.840148
2561.6,77.840148
2561.659722,77.840148
2561.859722,77.840148
2562.102778,76.87231
2562.1675,77.840148
2566.083333,76.87231
2566.153056,77.840148
2566.367222,77.840148
2566.391667,77.840148
2566.614722,77.840148
2566.643056,77.840148
2566.690278,77.840148
2567.290833,76.87231
2567.350833,76.87231
2567.583611,77.840148
2567.654167,77.840148
2567.8475,77.840148
2567.871389,77.840148
2568.094444,77.840148
2568.151111,77.840148
2568.330278,77.840148
2568.354444,77.840148
2568.602778,76.87231
2568.655556,76.87231
2568.703889,77.840148
2569.329722,77.840148
2569.381944,77.840148
2569.618333,77.840148
2569.674444,77.840148
2569.858889,77.840148
2570.089444,77.840148
2570.143333,77.840148
2570.153056,77.840148
2570.345556,77.840148
2570.370278,77.840148
2570.596389,77.840148
2570.649444,77.840148
2570.693333,77.840148
2571.3275,77.840148
2571.383056,77.840148
2571.598611,77.840148
2571.654722,77.840148
2571.828333,77.840148
2571.8575,77.840148
2572.085556,77.840148
2572.151111,77.840148
2572.251389,77.840148
2572.3275,77.840148
2572.356667,77.840148
2572.525556,76.87231
2572.624722,76.87231
2572.699167,76.87231
2573.268333,76.87231
2573.337222,76.87231
2573.567222,76.87231
2573.6325,76.87231
2573.807778,77.840148
2573.858611,77.840148
2574.1025,77.840148
2574.166389,77.840148
2574.351944,77.840148
2574.581111,77.840148
2574.647778,77.840148
2574.695278,77.840148
2575.269722,76.87231
2575.338889,77.840148
2575.511111,76.87231
2575.615833,77.840148
2575.792222,77.840148
2575.8525,77.840148
2576.078889,77.840148
2576.130556,77.840148
2576.316944,77.840148
2576.371944,77.840148
2576.604722,77.840148
2576.657778,77.840148
2576.705556,77.840148
2577.3125,77.840148
2577.3375,77.840148
2577.52,77.840148
2577.669167,77.840148
2577.868333,77.840148
2578.088333,77.840148
2578.143611,77.840148
2578.332778,77.840148
2578.361111,77.840148
2578.582222,77.840148
2578.634444,77.840148
2578.679167,77.840148
2579.252222,77.840148
2579.348611,77.840148
2579.573889,77.840148
2579.639722,77.840148
2579.833056,76.87231
2579.857778,76.87231
2580.09,76.87231
2580.156111,76.87231
2580.332222,76.87231
2580.360833,76.87231
2580.578333,76.87231
2580.633611,76.87231
2580.725833,76.87231
2581.2675,76.87231
2581.361667,77.840148
2581.595,77.840148
2581.651111,76.87231
2581.831389,76.87231
2581.855833,76.87231
2582.081944,76.87231
2582.148333,76.87231
2582.334444,76.87231
2582.359444,76.87231
2582.578889,76.87231
2582.630833,77.840148
2582.700833,77.840148
2583.261111,76.87231
2583.348611,76.87231
2583.571667,76.87231
2583.646944,76.87231
2583.818611,76.87231
2583.842778,76.87231
2584.095833,77.840148
2584.173611,76.87231
2584.378333,76.87231
2584.620833,77.840148
2584.704167,77.840148
2585.150278,77.840148
2585.325833,77.840148
2585.350833,77.840148
2585.3975,77.840148
2585.573611,76.87231
2585.649167,77.840148
2585.836667,77.840148
2585.861389,77.840148
2586.083333,77.840148
2586.147222,77.840148
2586.333056,77.840148
2586.357222,77.840148
2586.575833,76.87231
2586.626944,77.840148
2586.701389,77.840148
2587.273611,77.840148
2587.349722,77.840148
2587.463889,77.840148
2587.589167,77.840148
2587.655833,76.87231
2587.845278,76.87231
2587.869722,76.87231
2588.089722,76.87231
2588.146111,76.87231
2588.333889,76.87231
2588.357778,76.87231
2588.583056,76.87231
2588.641944,76.87231
2588.685556,76.87231
2589.255556,76.87231
2589.338056,76.87231
2589.519167,76.87231
2589.629722,76.87231
2589.813889,76.87231
2589.872222,76.87231
2590.093889,77.840148
2590.151667,76.87231
2590.341944,77.840148
2590.366667,76.87231
2590.594444,77.840148
2590.655,77.840148
2590.698889,76.87231
2591.267222,77.840148
2591.332222,77.840148
2591.509444,77.840148
2591.628333,77.840148
2591.814167,77.840148
2591.865278,77.840148
2592.105833,76.87231
2592.157778,76.87231
2592.335278,77.840148
2592.363611,77.840148
2592.582222,76.87231
2592.651944,77.840148
2592.696667,77.840148
2593.291944,76.87231
2593.348056,76.87231
2593.523056,76.87231
2593.634722,76.87231
2593.833889,76.87231
2593.858333,76.87231
2594.071944,76.87231
2594.130833,76.87231
2594.304722,76.87231
2594.356667,76.87231
2594.580278,76.87231
2594.635833,77.840148
2594.683889,76.87231
2595.264722,76.87231
2595.363333,76.87231
2595.573611,77.840148
2595.633333,77.840148
2595.805,76.87231
2595.860833,76.87231
2596.099722,76.87231
2596.164444,76.87231
2596.343333,77.840148
2596.511667,76.87231
2596.624722,76.87231
2596.702778,76.87231
2597.2375,76.87231
2597.358056,76.87231
2597.592778,76.87231
2597.649444,76.87231
2597.825833,77.840148
2597.854722,77.840148
2598.095,76.87231
2598.156389,76.87231
2598.349167,76.87231
2598.374444,76.87231
2598.599444,76.87231
2598.650833,76.87231
2598.694167,76.87231
2599.321389,76.87231
2599.345556,76.87231
2599.5175,76.87231
2599.629444,76.87231
2599.822222,76.87231
2599.878333,76.87231
2600.136389,76.87231
2600.161111,76.87231
2600.338056,76.87231
2600.389444,76.87231
2600.580556,77.840148
2600.646389,77.840148
2600.689722,76.87231
2601.2475,76.87231
2601.335556,76.87231
2601.527222,76.87231
2601.646667,76.87231
2601.841667,76.87231
2601.866389,76.87231
2602.102778,76.87231
2602.163889,76.87231
2602.3525,76.87231
2602.462778,76.87231
2602.578333,76.87231
2602.649722,76.87231
2602.693611,76.87231
2603.258611,75.904471
2603.350556,76.87231
2603.538889,76.87231
2603.664444,76.87231
2603.866111,77.840148
2604.107222,76.87231
2604.1625,75.904471
2604.348056,76.87231
2604.5175,76.87231
2604.625556,76.87231
2604.696389,76.87231
2605.231389,76.87231
2605.336944,76.87231
2605.509444,76.87231
2605.636111,76.87231
2605.809167,76.87231
2605.833333,76.87231
2606.009722,76.87231
2606.14,76.87231
2606.315278,77.840148
2606.340556,77.840148
2606.521111,75.904471
2606.624444,76.87231
2606.711389,76.87231
2607.255278,76.87231
2607.350278,76.87231
2607.574167,76.87231
2607.648611,76.87231
2607.834444,76.87231
2607.858611,76.87231
2608.090833,77.840148
2608.145833,76.87231
2608.323056,75.904471
2608.351389,76.87231
2608.581667,76.87231
2608.6375,76.87231
2608.681111,76.87231
2609.252778,76.87231
2609.341389,76.87231
2609.519444,76.87231
2609.6375,76.87231
2609.816944,76.87231
2609.841944,77.840148
2610.006667,77.840148
2610.125278,76.87231
2610.293889,76.87231
2610.348889,76.87231
2610.531667,76.87231
2610.651667,76.87231
2610.699167,76.87231
2611.283889,76.87231
2611.340556,76.87231
2611.513611,76.87231
2611.626667,76.87231
2611.808056,76.87231
2611.865556,76.87231
2612.097222,76.87231
2612.151389,76.87231
2612.327222,76.87231
2612.354167,76.87231
2612.575556,75.904471
2612.627222,75.904471
2612.699167,76.87231
2613.270833,76.87231
2613.34,76.87231
2613.515,76.87231
2613.651667,76.87231
2613.819167,76.87231
2613.843611,76.87231
2614.0625,76.87231
2614.129167,76.87231
2614.309167,76.87231
2614.370833,76.87231
2614.59,76.87231
2614.646944,76.87231
2614.690833,76.87231
2615.266667,76.87231
2615.360556,76.87231
2615.576667,76.87231
2615.586389,76.87231
2615.6425,76.87231
2615.826667,77.840148
2615.850833,77.840148
2616.063056,77.840148
2616.128889,77.840148
2616.317778,77.840148
2616.375,77.840148
2616.569722,76.87231
2616.629722,77.840148
2616.703889,77.840148
2617.257778,77.840148
2617.349444,76.87231
2617.585,75.904471
2617.650556,76.87231
2617.755556,76.87231
2617.827222,75.904471
2617.8525,76.87231
2618.091111,76.87231
2618.160278,76.87231
2618.343611,76.87231
2618.523333,76.87231
2618.634444,76.87231
2618.679444,76.87231
2619.235833,76.87231
2619.348611,76.87231
2619.569167,75.904471
2619.640556,75.904471
2619.825278,76.87231
2619.849444,76.87231
2620.070833,76.87231
2620.148056,76.87231
2620.321111,76.87231
2620.346111,76.87231
2620.572778,76.87231
2620.6425,76.87231
2620.686944,76.87231
2621.251944,76.87231
2621.3375,76.87231
2621.519444,76.87231
2621.647222,76.87231
2621.834167,75.904471
2621.858333,75.904471
2622.100833,76.87231
2622.156944,76.87231
2622.342222,76.87231
2622.370833,76.87231
2622.599722,76.87231
2622.654722,76.87231
2622.698056,76.87231
2623.291111,76.87231
2623.360278,76.87231
2623.546944,76.87231
2623.641667,75.904471
2623.815833,76.87231
2623.840833,76.87231
2624.081667,75.904471
2624.151944,76.87231
2624.326667,76.87231
2624.355833,76.87231
2624.578333,75.904471
2624.644722,76.87231
2624.687778,76.87231
2625.302222,76.87231
2625.373611,76.87231
2625.612778,76.87231
2625.666111,76.87231
2625.845,76.87231
2626.074444,75.904471
2626.143333,76.87231
2626.349167,76.87231
2626.373611,76.87231
2626.591667,75.904471
2626.642778,75.904471
2626.686111,76.87231
2627.259167,76.87231
2627.376667,77.840148
2627.595556,75.904471
2627.655278,75.904471
2627.843889,76.87231
2627.868889,76.87231
2628.106389,76.87231
2628.17,76.87231
2628.353889,76.87231
2628.570556,76.87231
2628.639167,76.87231
2628.683056,76.87231
2629.26,76.87231
2629.354167,76.87231
2629.598333,76.87231
2629.660833,76.87231
2629.843056,76.87231
2630.076667,76.87231
2630.155,76.87231
2630.355833,76.87231
2630.381111,76.87231
2630.609444,76.87231
2630.624722,76.87231
2630.681667,76.87231
2631.094444,76.87231
2631.278056,76.87231
2631.346944,76.87231
2631.586111,76.87231
2631.651389,76.87231
2631.840278,76.87231
2631.864444,76.87231
2632.090556,76.87231
2632.145556,76.87231
2632.338889,76.87231
2632.363056,76.87231
2632.591667,76.87231
2632.646944,76.87231
2632.694167,76.87231
2632.946944,76.87231
2633.297222,76.87231
2633.363889,76.87231
2633.659167,76.87231
2633.893056,75.904471
2634.241389,76.87231
2634.360278,75.904471
2634.536944,76.87231
2634.719722,76.87231
2635.21,75.904471
2635.358333,75.904471
2635.519167,75.904471
2635.704444,76.87231
2635.854444,76.87231
2636.09,76.87231
2636.145278,76.87231
2636.331667,76.87231
2636.356944,76.87231
2636.570833,76.87231
2636.636667,76.87231
2636.683611,76.87231
2637.252778,76.87231
2637.356111,76.87231
2637.5325,76.87231
2637.645,76.87231
2637.814167,76.87231
2637.838333,76.87231
2638.081667,75.904471
2638.154722,75.904471
2638.328611,76.87231
2638.352778,76.87231
2638.563333,75.904471
2638.628333,75.904471
2638.7025,75.904471
2639.253333,75.904471
2639.363333,75.904471
2639.584167,75.904471
2639.643056,76.87231
2639.817778,76.87231
2639.841944,76.87231
2640.004444,76.87231
2640.150556,76.87231
2640.321944,76.87231
2640.346944,76.87231
2640.520556,76.87231
2640.625833,76.87231
2640.701389,75.904471
2641.244444,76.87231
2641.3625,76.87231
2641.57,76.87231
2641.626111,76.87231
2641.800278,75.904471
2641.855833,75.904471
2642.081944,76.87231
2642.150833,76.87231
2642.339444,76.87231
2642.363611,76.87231
2642.585,76.87231
2642.642222,76.87231
2642.686111,76.87231
2643.243889,75.904471
2643.338056,75.904471
2643.517778,75.904471
2643.634722,76.87231
2643.826944,76.87231
2643.855278,76.87231
2644.076944,76.87231
2644.154444,76.87231
2644.333056,76.87231
2644.357222,76.87231
2644.515,76.87231
2644.635,76.87231
2644.679444,76.87231
2645.243333,76.87231
2645.341111,76.87231
2645.5175,76.87231
2645.630556,76.87231
2645.81,76.87231
2645.872222,76.87231
2646.080278,76.87231
2646.1075,76.87231
2646.165,76.87231
2646.339167,76.87231
2646.519167,76.87231
2646.65,76.87231
2646.693056,76.87231
2647.299722,76.87231
2647.350556,76.87231
2647.568056,76.87231
2647.637778,76.87231
2647.811111,76.87231
2647.836111,76.87231
2648.060556,75.904471
2648.151667,75.904471
2648.253056,75.904471
2648.32,75.904471
2648.346944,76.87231
2648.557222,75.904471
2648.634167,75.904471
2648.7075,75.904471
2649.27,76.87231
2649.360556,76.87231
2649.576944,75.904471
2649.628056,75.904471
2649.819167,75.904471
2649.874722,75.904471
2650.100556,75.904471
2650.153611,76.87231
2650.344167,75.904471
2650.3725,76.87231
2650.594722,75.904471
2650.654444,75.904471
2650.697778,75.904471
2651.268889,75.904471
2651.334444,75.904471
2651.534722,75.904471
2651.671389,76.87231
2651.843056,76.87231
2652.069722,75.904471
2652.158889,75.904471
2652.338889,75.904471
2652.363611,75.904471
2652.611389,76.87231
2652.685278,75.904471
2653.121389,76.87231
2653.3175,75.904471
2653.369722,75.904471
2653.548056,76.87231
2653.649167,75.904471
2653.820833,75.904471
2653.848889,75.904471
2654.068611,76.87231
2654.133611,76.87231
2654.310833,76.87231
2654.362778,75.904471
2654.584167,75.904471
2654.644444,75.904471
2654.6875,75.904471
2655.273889,75.904471
2655.344722,75.904471
2655.533333,75.904471
2655.646389,75.904471
2655.826667,75.904471
2655.855833,75.904471
2656.099722,76.87231
2656.150556,76.87231
2656.336111,76.87231
2656.360278,76.87231
2656.592778,75.904471
2656.644167,75.904471
2656.691111,76.87231
2657.2925,76.87231
2657.358333,76.87231
2657.583333,75.904471
2657.648333,75.904471
2657.814167,76.87231
2657.843056,76.87231
2658.082222,75.904471
2658.151667,75.904471
2658.326111,75.904471
2658.355278,75.904471
2658.588333,76.87231
2658.639167,76.87231
2658.6825,76.87231
2659.261667,76.87231
2659.344722,76.87231
2659.525,75.904471
2659.636944,75.904471
2659.821667,75.904471
2659.845833,75.904471
2660.072778,76.87231
2660.141389,75.904471
2660.311944,75.904471
2660.336389,75.904471
2660.510833,76.87231
2660.643333,76.87231
2660.686389,75.904471
2661.284167,75.904471
2661.358333,75.904471
2661.373333,75.904471
2661.521667,75.904471
2661.620278,76.87231
2661.802778,76.87231
2661.855278,76.87231
2662.078333,75.904471
2662.131667,75.904471
2662.310556,75.904471
2662.3625,75.904471
2662.596111,75.904471
2662.651667,75.904471
2662.695556,75.904471
2663.303611,75.904471
2663.377222,75.904471
2663.475556,75.904471
2663.5925,75.904471
2663.657222,75.904471
2663.831944,75.904471
2663.86,75.904471
2664.110556,75.904471
2664.161944,75.904471
2664.335833,75.904471
2664.521111,75.904471
2664.638333,75.904471
2664.681389,75.904471
2665.266389,75.904471
2665.335556,75.904471
2665.518056,75.904471
2665.652778,75.904471
2665.845,75.904471
2665.869722,75.904471
2666.086667,75.904471
2666.144167,75.904471
2666.322222,75.904471
2666.346111,75.904471
2666.528611,75.904471
2666.638056,76.87231
2666.681111,76.87231
2667.220556,75.904471
2667.325278,75.904471
2667.499722,75.904471
2667.628333,75.904471
2667.802222,75.904471
2667.854444,75.904471
2668.0875,76.87231
2668.154167,76.87231
2668.307778,75.904471
2668.331944,75.904471
2668.509444,75.904471
2668.6325,75.904471
2668.706667,75.904471
2669.2425,75.904471
2669.351389,75.904471
2669.518889,75.904471
2669.625,75.904471
2669.796667,76.87231
2669.849167,76.87231
2670.080278,75.904471
2670.15,75.904471
2670.326944,75.904471
2670.351111,75.904471
2670.556944,75.904471
2670.624167,75.904471
2670.695556,75.904471
2671.270833,75.904471
2671.348889,75.904471
2671.53,75.904471
2671.638056,75.904471
2671.807778,75.904471
2671.831944,75.904471
2672.060833,75.904471
2672.145556,75.904471
2672.332778,75.904471
2672.357222,75.904471
2672.578889,76.87231
2672.646667,75.904471
2672.694167,75.904471
2673.271111,75.904471
2673.336944,75.904471
2673.517778,75.904471
2673.648333,76.87231
2673.832778,75.904471
2673.8575,75.904471
2674.069167,75.904471
2674.135,75.904471
2674.308056,75.904471
2674.333333,75.904471
2674.571111,75.904471
2674.653333,75.904471
2674.700278,75.904471
2675.309167,75.904471
2675.334722,75.904471
2675.503889,75.904471
2675.640833,75.904471
2675.811667,75.904471
2675.836667,75.904471
2676.0675,75.904471
2676.161667,75.904471
2676.314722,75.904471
2676.34,75.904471
2676.511111,76.87231
2676.656389,75.904471
2676.700278,75.904471
2677.2575,75.904471
2677.343611,75.904471
2677.514722,76.87231
2677.634167,76.87231
2677.828333,76.87231
2677.861667,76.87231
2678.110278,76.87231
2678.185833,76.87231
2678.3225,75.904471
2678.401944,75.904471
2678.471944,75.904471
2678.631111,75.904471
2678.723333,75.904471
2679.204167,75.904471
2679.347222,75.904471
2679.577778,75.904471
2679.6475,75.904471
2679.848333,75.904471
2679.873056,75.904471
2680.115,75.904471
2680.166111,75.904471
2680.34,75.904471
2680.576944,75.904471
2680.643611,75.904471
2680.686667,75.904471
2681.268889,75.904471
2681.341111,75.904471
2681.575278,75.904471
2681.644722,75.904471
2681.829167,75.904471
2681.853333,75.904471
2682.068889,75.904471
2682.134444,75.904471
2682.3075,75.904471
2682.359444,75.904471
2682.593056,75.904471
2682.648611,75.904471
2682.6925,75.904471
2683.275,75.904471
2683.341389,75.904471
2683.524444,75.904471
2683.660833,75.904471
2683.831667,75.904471
2684.070833,75.904471
2684.169722,75.904471
2684.356944,75.904471
2684.592778,75.904471
2684.644167,75.904471
2684.692222,75.904471
2685.277778,75.904471
2685.337778,75.904471
2685.505556,75.904471
2685.646111,75.904471
2685.832778,75.904471
2685.8575,75.904471
2686.093333,75.904471
2686.16,75.904471
2686.349722,75.904471
2686.375278,75.904471
2686.610556,75.904471
2686.688889,75.904471
2687.095,75.904471
2687.273056,75.904471
2687.338333,75.904471
2687.516667,75.904471
2687.641389,75.904471
2687.822778,75.904471
2687.846944,75.904471
2688.064444,76.87231
2688.131389,75.904471
2688.318333,75.904471
2688.374444,75.904471
2688.588611,75.904471
2688.643056,75.904471
2688.686111,75.904471
2689.253611,75.904471
2689.3525,75.904471
2689.523611,75.904471
2689.627222,75.904471
2689.813056,75.904471
2689.869167,75.904471
2690.073333,75.904471
2690.129167,75.904471
2690.301111,75.904471
2690.356111,75.904471
2690.595,75.904471
2690.655,75.904471
2690.698056,75.904471
2691.281667,75.904471
2691.3375,75.904471
2691.396389,75.904471
2691.559722,75.904471
2691.645,75.904471
2691.826667,75.904471
2691.850833,75.904471
2692.064722,75.904471
2692.129722,75.904471
2692.305556,75.904471
2692.364444,75.904471
2692.573889,75.904471
2692.628889,75.904471
2692.704167,75.904471
2693.213889,75.904471
2693.345,75.904471
2693.447222,75.904471
2693.530556,75.904471
2693.648333,75.904471
2693.833611,75.904471
2693.863056,75.904471
2694.071111,75.904471
2694.123889,75.904471
2694.318333,75.904471
2694.370833,75.904471
2694.590556,75.904471
2694.643056,75.904471
2694.687222,75.904471
2695.278889,75.904471
2695.347778,75.904471
2695.541667,75.904471
2695.653611,75.904471
2695.842222,75.904471
2695.866389,75.904471
2696.095,75.904471
2696.154167,75.904471
2696.331389,75.904471
2696.356389,75.904471
2696.587222,75.904471
2696.639444,75.904471
2696.683611,75.904471
2697.254444,75.904471
2697.376111,75.904471
2697.596667,75.904471
2697.647778,75.904471
2697.838889,75.904471
2697.867222,75.904471
2698.112778,75.904471
2698.1675,75.904471
2698.338889,75.904471
2698.566667,75.904471
2698.636944,75.904471
2698.68,75.904471
2699.241111,75.904471
2699.3425,75.904471
2699.574722,75.904471
2699.644722,75.904471
2699.818611,75.904471
2699.842778,75.904471
2700.006667,75.904471
2700.136944,75.904471
2700.336944,75.904471
2700.365,75.904471
2700.530833,75.904471
2700.624444,75.904471
2700.7025,75.904471
2701.288889,75.904471
2701.371944,75.904471
2701.611944,75.904471
2701.674167,75.904471
2701.886389,75.904471
2702.138889,75.904471
2702.163889,75.904471
2702.368333,75.904471
2702.614444,75.904471
2702.688611,75.904471
2703.159444,75.904471
2703.355278,75.904471
2703.379444,75.904471
2703.626667,75.904471
2703.679167,75.904471
2703.860833,75.904471
2704.078056,75.904471
2704.131111,75.904471
2704.313333,75.904471
2704.365833,75.904471
2704.59,75.904471
2704.645,75.904471
2704.688333,75.904471
2705.235833,75.904471
2705.324167,75.904471
2705.500556,75.904471
2705.622778,75.904471
2705.806389,75.904471
2705.861389,75.904471
2706.086667,75.904471
2706.137778,75.904471
2706.336111,75.904471
2706.360278,75.904471
2706.575,75.904471
2706.631667,75.904471
2706.711944,75.904471
2706.820278,75.904471
2707.25,75.904471
2707.346667,75.904471
2707.518611,75.904471
2707.643333,75.904471
2707.829444,75.904471
2707.853889,75.904471
2708.699444,78.807987
2708.8575,78.807987
2709.136389,79.775826
2709.1625,79.775826
2709.421111,80.743665
2709.448889,80.743665
2709.472778,80.743665
2710.435556,79.775826
2710.644444,79.775826
2710.6875,79.775826
2711.295556,79.775826
2711.38,79.775826
2711.615833,79.775826
2711.655,79.775826
2711.843333,79.775826
2711.884167,79.775826
2712.113056,79.775826
2712.182778,79.775826
2712.370833,78.807987
2712.588611,78.807987
2712.680278,78.807987
2713.095833,79.775826
2713.2725,78.807987
2713.351944,78.807987
2713.579167,78.807987
2713.650833,78.807987
2713.809444,78.807987
2713.853333,78.807987
2714.063056,78.807987
2714.150556,78.807987
2714.316944,78.807987
2714.356111,78.807987
2714.578056,78.807987
2714.679722,78.807987
2715.101944,78.807987
2715.288333,78.807987
2715.368611,78.807987
2715.588611,78.807987
2715.661389,78.807987
2715.842778,78.807987
2716.003333,78.807987
2716.159167,78.807987
2716.325556,78.807987
2716.371111,78.807987
2716.583889,78.807987
2716.658056,78.807987
2716.701944,78.807987
2717.264167,78.807987
2717.3525,78.807987
2717.531944,78.807987
2717.645833,78.807987
2717.818056,78.807987
2717.8625,78.807987
2718.081389,78.807987
2718.1475,78.807987
2718.316667,78.807987
2718.355556,78.807987
2718.568333,77.840148
2718.627778,77.840148
2718.698056,77.840148
2719.236944,77.840148
2719.348056,78.807987
2719.5825,77.840148
2719.656944,77.840148
2719.832222,77.840148
2719.857222,77.840148
2720.105556,77.840148
2720.156667,77.840148
2720.330833,77.840148
2720.359167,77.840148
2720.588611,77.840148
2720.6575,77.840148
2720.700556,77.840148
2721.280556,77.840148
2721.335278,78.807987
2721.504167,77.840148
2721.639167,77.840148
2721.8075,78.807987
2721.841389,77.840148
2722.067778,78.807987
2722.082778,78.807987
2722.134167,78.807987
2722.315,78.807987
2722.340556,78.807987
2722.573056,78.807987
2722.638056,77.840148
2722.681111,78.807987
2723.255556,78.807987
2723.336944,78.807987
2723.591944,78.807987
2723.656667,78.807987
2723.827778,78.807987
2723.851944,78.807987
2724.098056,78.807987
2724.167222,78.807987
2724.265,78.807987
2724.340556,78.807987
2724.528333,78.807987
2724.693333,78.807987
2725.103611,78.807987
2725.296111,78.807987
2725.370278,78.807987
2725.59,78.807987
2725.641667,78.807987
2725.847222,78.807987
2725.871111,78.807987
2726.104167,78.807987
2726.159722,78.807987
2726.344722,78.807987
2726.368889,78.807987
2726.595556,78.807987
2726.651944,78.807987
2726.695,78.807987
2727.297222,78.807987
2727.371944,78.807987
2727.61,78.807987
2727.683889,78.807987
2727.867778,78.807987
2728.0925,79.775826
2728.147778,79.775826
2728.333056,79.775826
2728.357222,79.775826
2728.584167,79.775826
2728.648333,79.775826
2728.695556,79.775826
2729.315278,79.775826
2729.370556,79.775826
2729.615278,79.775826
2729.673056,78.807987
2729.861667,78.807987
2730.097222,79.775826
2730.152778,79.775826
2730.343056,79.775826
2730.367222,79.775826
2730.613889,79.775826
2730.688333,79.775826
2731.128056,79.775826
2731.325,79.775826
2731.380556,79.775826
2731.596944,79.775826
2731.656389,79.775826
2731.836389,80.743665
2731.860556,80.743665
2732.112778,79.775826
2732.176667,79.775826
2732.380278,79.775826
2732.643056,79.775826
2732.694167,79.775826
2733.119167,80.743665
2733.306389,80.743665
2733.365833,80.743665
2733.600833,80.743665
2733.660278,80.743665
2733.848333,80.743665
2734.087222,80.743665
2734.169722,80.743665
2734.367222,80.743665
2734.604722,80.743665
2734.683333,80.743665
2735.078611,79.775826
2735.254722,80.743665
2735.3475,80.743665
2735.5875,80.743665
2735.643611,80.743665
2735.853611,80.743665
2735.878611,80.743665
2736.099167,80.743665
2736.155278,80.743665
2736.344722,80.743665
2736.372778,80.743665
2736.611944,80.743665
2736.700278,80.743665
2737.125556,79.775826
2737.309167,79.775826
2737.376944,79.775826
2737.588056,79.775826
2737.644444,79.775826
2737.838333,79.775826
2737.8625,79.775826
2738.116111,79.775826
2738.176389,80.743665
2738.376111,79.775826
2738.591667,80.743665
2738.651111,80.743665
2738.695,79.775826
2739.285833,80.743665
2739.341389,80.743665
2739.527222,80.743665
2739.641667,79.775826
2739.8425,79.775826
2739.8675,80.743665
2740.101111,79.775826
2740.158333,79.775826
2740.3375,80.743665
2740.3625,80.743665
2740.585,80.743665
2740.646667,80.743665
2740.690278,80.743665
2741.2575,80.743665
2741.349167,80.743665
2741.595278,80.743665
2741.655833,80.743665
2741.833333,80.743665
2741.8575,80.743665
2742.081944,80.743665
2742.141389,80.743665
2742.315278,80.743665
2742.339444,80.743665
2742.566389,80.743665
2742.644167,80.743665
2742.687222,80.743665
2743.2975,80.743665
2743.3675,80.743665
2743.593889,80.743665
2743.650833,80.743665
2743.847778,80.743665
2743.871944,80.743665
2744.111944,80.743665
2744.171389,80.743665
2744.358889,80.743665
2744.593056,80.743665
2744.653056,80.743665
2744.696944,80.743665
2745.300833,80.743665
2745.368333,80.743665
2745.593611,80.743665
2745.650278,80.743665
2745.844444,80.743665
2745.868611,80.743665
2746.098333,80.743665
2746.154722,80.743665
2746.36,80.743665
2746.384167,80.743665
2746.611111,80.743665
2746.640833,80.743665
2746.685,80.743665
2747.277778,80.743665
2747.366667,80.743665
2747.59,80.743665
2747.645833,80.743665
2747.835,80.743665
2747.867222,80.743665
2748.114722,79.775826
2748.171667,79.775826
2748.363056,80.743665
2748.600833,79.775826
2748.680833,79.775826
2749.109722,79.775826
2749.289444,79.775826
2749.344722,79.775826
2749.585278,79.775826
2749.666944,79.775826
2749.853056,78.807987
2750.088889,78.807987
2750.153056,79.775826
2750.353611,79.775826
2750.378056,79.775826
2750.600278,79.775826
2750.684444,79.775826
2751.138889,78.807987
2751.327222,78.807987
2751.351389,78.807987
2751.588889,78.807987
2751.645556,78.807987
2751.841111,78.807987
2751.869722,78.807987
2752.097222,78.807987
2752.154722,78.807987
2752.338889,78.807987
2752.366944,78.807987
2752.596667,78.807987
2752.656111,78.807987
2752.699167,78.807987
2753.275,78.807987
2753.347778,78.807987
2753.545833,78.807987
2753.661944,78.807987
2753.860556,78.807987
2754.095,78.807987
2754.155833,78.807987
2754.346389,78.807987
2754.371389,78.807987
2754.611389,78.807987
2754.686389,78.807987
2755.099167,78.807987
2755.291944,78.807987
2755.3625,78.807987
2755.596389,78.807987
2755.6525,78.807987
2755.835,78.807987
2755.86,78.807987
2756.1175,78.807987
2756.181111,78.807987
2756.3875,78.807987
2756.620556,78.807987
2756.644444,78.807987
2756.695556,78.807987
2757.316944,78.807987
2757.373889,78.807987
2757.388889,78.807987
2757.598333,77.840148
2757.658333,78.807987
2757.85,78.807987
2757.874722,78.807987
2758.113333,78.807987
2758.169444,78.807987
2758.375556,78.807987
2758.614722,78.807987
2758.689167,78.807987
2759.135,78.807987
2759.321667,78.807987
2759.346944,78.807987
2759.462778,78.807987
2759.554722,77.840148
2759.654722,77.840148
2759.829444,78.807987
2759.853889,78.807987
2760.078889,77.840148
2760.139167,77.840148
2760.321944,77.840148
2760.346111,77.840148
2760.568889,77.840148
2760.64,77.840148
2760.683056,77.840148
2761.301111,77.840148
2761.356389,77.840148
2761.539444,77.840148
2761.640556,78.807987
2761.826111,78.807987
2761.850278,78.807987
2762.084444,77.840148
2762.144444,77.840148
2762.325278,77.840148
2762.35,77.840148
2762.578333,77.840148
2762.656667,77.840148
2762.700833,77.840148
2763.270556,77.840148
2763.363611,77.840148
2763.5925,77.840148
2763.656111,77.840148
2763.839444,76.87231
2763.863611,76.87231
2764.090556,77.840148
2764.150278,76.87231
2764.328889,77.840148
2764.353333,77.840148
2764.565278,77.840148
2764.620833,77.840148
2764.695278,76.87231
2765.253333,77.840148
2765.341111,77.840148
2765.573611,77.840148
2765.643611,77.840148
2765.829167,77.840148
2765.853333,77.840148
2766.081944,77.840148
2766.146667,77.840148
2766.330556,77.840148
2766.354722,77.840148
2766.581389,77.840148
2766.641944,77.840148
2766.689722,77.840148
2767.275833,76.87231
2767.35,76.87231
2767.537222,77.840148
2767.632778,77.840148
2767.839722,77.840148
2767.864167,77.840148
2768.108889,76.87231
2768.170833,76.87231
2768.364444,76.87231
2768.59,76.87231
2768.6575,76.87231
2768.701944,76.87231
2769.281667,76.87231
2769.338056,75.904471
2769.552778,75.904471
2769.644444,76.87231
2769.848333,76.87231
2769.873611,75.904471
2770.097222,76.87231
2770.153333,76.87231
2770.3475,76.87231
2770.371667,76.87231
2770.611111,75.904471
2770.693333,76.87231
2771.101667,76.87231
2771.331389,75.904471
2771.415833,75.904471
2771.643056,76.87231
2771.826667,75.904471
2771.850833,75.904471
2772.084722,76.87231
2772.154722,76.87231
2772.335833,75.904471
2772.36,75.904471
2772.575833,75.904471
2772.634722,75.904471
2772.679167,75.904471
2773.245556,76.87231
2773.3325,76.87231
2773.514167,76.87231
2773.639722,76.87231
2773.8175,75.904471
2773.842222,75.904471
2774.054722,75.904471
2774.119444,76.87231
2774.311389,76.87231
2774.371667,75.904471
2774.575833,75.904471
2774.631667,75.904471
2774.702778,76.87231
2775.249444,75.904471
2775.361111,76.87231
2775.580278,75.904471
2775.632222,75.904471
2775.813056,75.904471
2775.867778,75.904471
2776.080278,75.904471
2776.139722,75.904471
2776.316111,75.904471
2776.340278,75.904471
2776.515833,75.904471
2776.615556,75.904471
2776.69,75.904471
2777.2325,76.87231
2777.346111,76.87231
2777.525833,75.904471
2777.628333,75.904471
2777.801111,75.904471
2777.852778,75.904471
2778.068056,75.904471
2778.134722,75.904471
2778.320833,75.904471
2778.35,75.904471
2778.569722,75.904471
2778.636111,75.904471
2778.679722,75.904471
2779.227222,75.904471
2779.340833,75.904471
2779.568333,75.904471
2779.643889,75.904471
2779.832778,75.904471
2779.861111,75.904471
2780.090278,75.904471
2780.142222,75.904471
2780.313889,75.904471
2780.338056,75.904471
2780.524722,75.904471
2780.679444,75.904471
2781.083333,75.904471
2781.2875,75.904471
2781.387778,75.904471
2781.608056,75.904471
2781.632222,75.904471
2781.8175,75.904471
2781.868889,75.904471
2782.088056,75.904471
2782.148611,75.904471
2782.339167,75.904471
2782.363889,75.904471
2782.571667,75.904471
2782.626389,75.904471
2782.704444,75.904471
2783.227222,75.904471
2783.329444,75.904471
2783.516667,75.904471
2783.643056,75.904471
2783.816667,75.904471
2783.844722,75.904471
2784.067778,75.904471
2784.137222,74.936632
2784.314722,75.904471
2784.343056,75.904471
2784.558333,75.904471
2784.626667,75.904471
2784.700556,75.904471
2785.229167,74.936632
2785.338056,75.904471
2785.510833,75.904471
2785.6375,75.904471
2785.810556,75.904471
2785.834722,75.904471
2786.052222,75.904471
2786.1425,75.904471
2786.314444,75.904471
2786.338611,75.904471
2786.510278,75.904471
2786.630833,74.936632
2786.7025,75.904471
2787.2525,75.904471
2787.350556,75.904471
2787.5225,75.904471
2787.643056,75.904471
2787.837778,74.936632
2787.873889,74.936632
2788.088889,74.936632
2788.149167,74.936632
2788.305833,75.904471
2788.33,75.904471
2788.509167,75.904471
2788.6275,75.904471
2788.705278,75.904471
2789.266389,74.936632
2789.333056,75.904471
2789.515556,75.904471
2789.649722,75.904471
2789.8325,75.904471
2789.856667,75.904471
2790.056389,75.904471
2790.113611,74.936632
2790.286667,74.936632
2790.342778,74.936632
2790.512222,75.904471
2790.621389,75.904471
2790.693056,74.936632
2791.2175,75.904471
2791.339444,75.904471
2791.514167,74.936632
2791.643889,74.936632
2791.827222,74.936632
2791.851111,75.904471
2792.092222,74.936632
2792.148889,74.936632
2792.316111,75.904471
2792.340278,75.904471
2792.386667,75.904471
2792.524444,74.936632
2792.629167,74.936632
2792.704167,74.936632
2793.240556,74.936632
2793.329444,75.904471
2793.560278,74.936632
2793.646389,74.936632
2793.823333,75.904471
2793.851667,75.904471
2794.065833,74.936632
2794.135278,74.936632
2794.298333,74.936632
2794.323611,74.936632
2794.440833,74.936632
2794.511389,74.936632
2794.643333,74.936632
2794.687222,74.936632
2795.251667,74.936632
2795.346667,74.936632
2795.535556,74.936632
2795.662778,74.936632
2795.843611,74.936632
2796.085833,74.936632
2796.160556,74.936632
2796.34,74.936632
2796.507222,74.936632
2796.611944,74.936632
2796.69,74.936632
2797.215833,74.936632
2797.338333,74.936632
2797.507222,74.936632
2797.632778,74.936632
2797.806667,74.936632
2797.867222,74.936632
2798.103889,74.936632
2798.172222,74.936632
2798.365,74.936632
2798.598611,74.936632
2798.654722,74.936632
2798.702778,74.936632
2799.271111,74.936632
2799.3375,74.936632
2799.516944,74.936632
2799.653611,74.936632
2799.850278,74.936632
2799.875278,74.936632
2800.106667,74.936632
2800.163889,74.936632
2800.353333,74.936632
2800.573333,73.968793
2800.641944,74.936632
2800.685,73.968793
2801.263333,74.936632
2801.351944,74.936632
2801.5775,73.968793
2801.642778,73.968793
2801.833889,73.968793
2801.858056,74.936632
2802.088333,73.968793
2802.163056,73.968793
2802.34,73.968793
2802.515833,74.936632
2802.6425,74.936632
2802.685833,74.936632
2803.273889,73.968793
2803.348333,73.968793
2803.548056,74.936632
2803.655278,74.936632
2803.850833,74.936632
2803.875,74.936632
2804.119167,74.936632
2804.17,74.936632
2804.371944,74.936632
2804.588333,74.936632
2804.644167,74.936632
2804.688611,74.936632
2805.248056,74.936632
2805.334444,73.968793
2805.520833,74.936632
2805.633889,74.936632
2805.824444,74.936632
2805.883333,74.936632
2806.120556,74.936632
2806.180833,73.968793
2806.361667,74.936632
2806.607778,74.936632
2806.683056,74.936632
2807.134167,74.936632
2807.321944,74.936632
2807.346111,74.936632
2807.530278,74.936632
2807.632778,74.936632
2807.806111,73.968793
2807.860556,73.968793
2808.086667,73.968793
2808.145556,74.936632
2808.326944,74.936632
2808.351111,74.936632
2808.525833,74.936632
2808.6325,74.936632
2808.711667,74.936632
2809.261667,73.968793
2809.357222,73.968793
2809.523889,74.936632
2809.638333,74.936632
2809.830833,74.936632
2809.855,73.968793
2810.082222,73.968793
2810.160556,73.968793
2810.332778,74.936632
2810.566667,74.936632
2810.684167,73.968793
2811.111667,74.936632
2811.290278,73.968793
2811.35,74.936632
2811.530556,73.968793
2811.644722,74.936632
2811.828611,73.968793
2811.852778,74.936632
2812.0725,74.936632
2812.138056,74.936632
2812.321667,73.968793
2812.345833,73.968793
2812.567222,74.936632
2812.633056,73.968793
2812.702778,73.968793
2813.243611,74.936632
2813.336389,74.936632
2813.506667,73.968793
2813.644167,74.936632
2813.818056,74.936632
2813.842222,74.936632
2814.059722,74.936632
2814.157222,74.936632
2814.327778,74.936632
2814.351944,74.936632
2814.571944,73.968793
2814.637778,74.936632
2814.680833,74.936632
2815.271667,73.968793
2815.3225,73.968793
2815.496389,73.968793
2815.661667,74.936632
2815.8475,74.936632
2816.060556,73.968793
2816.126944,74.936632
2816.303889,73.968793
2816.364167,73.968793
2816.582222,73.968793
2816.637222,73.968793
2816.680278,73.968793
2817.247222,73.968793
2817.364167,73.968793
2817.579167,74.936632
2817.634444,74.936632
2817.818333,73.968793
2817.849722,73.968793
2818.067778,74.936632
2818.141667,73.968793
2818.326944,73.968793
2818.351111,73.968793
2818.566389,73.968793
2818.632222,73.968793
2818.705833,73.968793
2819.22,73.968793
2819.339722,73.968793
2819.525278,73.968793
2819.643333,73.968793
2819.819167,73.968793
2819.843333,73.968793
2820.074167,73.968793
2820.1475,74.936632
2820.338611,73.968793
2820.366944,73.968793
2820.586667,73.968793
2820.637778,73.968793
2820.680833,73.968793
2821.273889,73.968793
2821.368056,74.936632
2821.593889,73.968793
2821.649444,73.968793
2821.851111,73.968793
2821.875278,73.968793
2822.118611,73.968793
2822.175833,73.968793
2822.351389,73.968793
2822.576111,73.968793
2822.641111,73.968793
2822.684722,73.968793
2823.269444,73.968793
2823.366667,73.968793
2823.603889,73.968793
2823.663611,73.968793
2823.849722,73.968793
2824.1025,73.968793
2824.161389,73.968793
2824.330833,73.968793
2824.514444,73.968793
2824.648056,73.968793
2824.696111,73.968793
2825.094722,73.968793
2825.3125,73.000955
2825.373889,73.968793
2825.550556,73.968793
2825.658333,73.968793
2825.844444,73.968793
2825.868611,73.968793
2826.101944,73.968793
2826.161389,73.968793
2826.335,73.968793
2826.5125,73.968793
2826.638611,73.968793
2826.681944,73.968793
2826.931389,73.968793
2827.252778,73.000955
2827.346667,73.000955
2827.530556,73.968793
2827.645556,73.968793
2827.827778,73.000955
2827.856667,73.968793
2828.089167,73.968793
2828.108333,73.968793
2828.158611,73.968793
2828.345833,73.968793
2828.37,73.968793
2828.616111,73.968793
2828.69,73.968793
2829.0975,74.936632
2829.298611,73.968793
2829.353611,73.968793
2829.593333,73.968793
2829.659722,73.968793
2829.84,74.936632
2829.868889,74.936632
2830.101389,74.936632
2830.153889,74.936632
2830.255,74.936632
2830.326389,74.936632
2830.355278,74.936632
2830.584722,73.968793
2830.650556,73.968793
2830.697778,73.968793
2831.304722,73.968793
2831.360278,73.968793
2831.570278,73.000955
2831.622778,73.968793
2831.796944,73.968793
2831.857222,73.968793
2832.109722,74.936632
2832.162222,73.968793
2832.325556,73.968793
2832.503333,73.968793
2832.635,73.968793
2832.679444,73.968793
2833.259444,73.968793
2833.354722,73.968793
2833.517778,73.968793
2833.648333,73.968793
2833.832778,73.968793
2833.861667,73.968793
2834.070278,74.936632
2834.121667,74.936632
2834.2975,73.968793
2834.353889,73.968793
2834.5825,73.968793
2834.653611,73.968793
2834.697222,73.968793
2835.259722,73.968793
2835.328056,73.968793
2835.510556,73.968793
2835.663611,73.968793
2835.848611,74.936632
2836.077222,73.968793
2836.142778,73.968793
2836.326667,74.936632
2836.354722,73.968793
2836.570833,73.968793
2836.644722,73.968793
2836.688333,73.968793
2837.2475,73.968793
2837.350556,73.968793
2837.581111,73.968793
2837.636111,73.968793
2837.808611,73.968793
2837.832778,73.968793
2838.004444,73.968793
2838.148611,74.936632
2838.335833,73.968793
2838.360556,73.968793
2838.527222,73.968793
2838.627778,73.968793
2838.6975,73.968793
2839.262778,73.968793
2839.354444,73.968793
2839.576111,73.000955
2839.645,73.968793
2839.827778,73.968793
2839.852778,73.968793
2840.091389,73.968793
2840.146667,73.968793
2840.323611,73.968793
2840.3475,73.968793
2840.573056,73.968793
2840.646944,73.968793
2840.695278,73.968793
2841.281111,73.968793
2841.35,73.000955
2841.571667,73.968793
2841.640833,73.968793
2841.821667,73.968793
2841.845833,73.968793
2842.085833,73.968793
2842.150833,73.968793
2842.328056,73.000955
2842.352222,73.000955
2842.589444,73.968793
2842.656111,73.968793
2842.7,73.000955
2843.276111,73.968793
2843.343056,73.968793
2843.535556,73.968793
2843.643333,73.000955
2843.833889,73.968793
2843.866111,73.968793
2844.078889,73.000955
2844.133889,73.968793
2844.295556,73.968793
2844.346389,73.968793
2844.563889,73.000955
2844.629167,73.968793
2845.266389,73.968793
2845.353889,73.968793
2845.548333,73.968793
2845.650278,73.968793
2845.854444,73.968793
2845.879167,73.968793
2846.107222,73.000955
2846.165,73.968793
2846.351111,73.000955
2846.580833,73.968793
2846.656111,73.968793
2846.699444,73.968793
2847.2475,73.968793
2847.344722,73.968793
2847.524167,73.968793
2847.6375,73.968793
2847.823333,73.968793
2847.848056,73.968793
2848.060278,73.968793
2848.129167,73.968793
2848.324167,73.968793
2848.379444,73.968793
2848.596389,73.968793
2848.647222,73.968793
2848.690278,73.968793
2849.243333,73.968793
2849.360278,73.968793
2849.588333,73.968793
2849.639167,73.968793
2849.815556,73.968793
2849.839722,73.968793
2850.083889,73.000955
2850.178889,73.968793
2850.362222,73.968793
2850.609167,73.968793
2850.679722,73.968793
2851.103056,73.968793
2851.274167,73.968793
2851.344167,73.968793
2851.519444,73.968793
2851.629722,73.968793
2851.823889,73.000955
2851.88,73.968793
2852.0975,73.968793
2852.151667,73.968793
2852.322222,73.000955
2852.346389,73.000955
2852.568889,73.968793
2852.633889,73.968793
2852.681111,73.968793
2853.2625,73.000955
2853.328056,73.968793
2853.503333,73.968793
2853.633611,73.000955
2853.824444,73.968793
2853.855833,73.968793
2854.104167,73.968793
2854.155833,73.968793
2854.345,73.968793
2854.37,73.968793
2854.589722,73.968793
2854.648333,73.968793
2854.693056,73.968793
2855.292222,73.000955
2855.343333,73.000955
2855.516111,73.968793
2855.634722,73.968793
2855.8075,73.968793
2855.833333,73.968793
2856.070278,73.968793
2856.1575,73.968793
2856.331667,73.968793
2856.356111,73.000955
2856.585,73.968793
2856.640833,73.000955
2856.688333,73.000955
2857.274722,73.968793
2857.327222,73.968793
2857.502222,73.968793
2857.632222,73.000955
2857.81,73.968793
2857.865,73.968793
2858.086944,73.968793
2858.138889,73.968793
2858.303056,73.968793
2858.327222,73.968793
2858.505,73.968793
2858.638333,73.968793
2858.681667,73.968793
2859.255278,73.968793
2859.348611,73.968793
2859.528333,73.968793
2859.631389,73.968793
2859.810833,73.968793
2859.870556,73.968793
2860.101667,73.000955
2860.152778,73.000955
2860.338333,73.968793
2860.363333,73.968793
2860.5725,73.968793
2860.623333,73.968793
2860.693611,73.968793
2861.262778,73.968793
2861.344722,73.968793
2861.576944,73.000955
2861.641944,73.968793
2861.8375,73.968793
2861.861667,73.968793
2862.101944,73.968793
2862.156944,73.968793
2862.334167,73.968793
2862.358611,73.968793
2862.581111,73.968793
2862.632222,73.968793
2862.703056,73.968793
2863.256111,73.968793
2863.3575,73.968793
2863.403889,73.968793
2863.534167,73.968793
2863.628333,73.968793
2863.798333,73.968793
2863.849444,73.968793
2864.067222,73.000955
2864.145556,73.968793
2864.331111,73.968793
2864.356667,73.968793
2864.575278,73.968793
2864.649167,73.968793
2864.696944,73.968793
2865.272778,73.000955
2865.338889,73.000955
2865.440556,73.000955
2865.508333,73.968793
2865.624167,73.968793
2865.805278,73.968793
2865.861667,73.000955
2866.104444,73.968793
2866.16,73.968793
2866.338056,73.000955
2866.563333,73.968793
2866.653333,73.968793
2866.696389,73.000955
2867.301111,73.968793
2867.360833,73.968793
2867.582222,73.000955
2867.638889,73.968793
2867.803889,73.968793
2867.828056,73.968793
2868.009167,73.000955
2868.143889,73.000955
2868.343056,73.968793
2868.366944,73.968793
2868.585556,73.000955
2868.637222,73.000955
2868.680278,73.000955
2869.2775,73.968793
2869.328611,73.000955
2869.529167,73.000955
2869.663056,73.000955
2869.845,73.000955
2870.066667,73.000955
2870.131944,73.000955
2870.322222,73.968793
2870.386389,73.968793
2870.621389,73.968793
2870.646111,73.968793
2870.69,73.968793
2871.288611,73.000955
2871.376667,73.000955
2871.6075,73.000955
2871.680833,73.968793
2871.878611,73.968793
2872.122778,73.968793
2872.193333,73.968793
2872.379444,73.000955
2872.613056,73.000955
2872.691944,73.000955
2873.104444,73.000955
2873.301944,73.000955
2873.363056,73.000955
2873.540278,73.000955
2873.638056,73.000955
2873.8325,73.000955
2873.856667,73.000955
2874.078611,73.968793
2874.129444,73.968793
2874.300278,73.000955
2874.351111,73.000955
2874.521944,73.968793
2874.648333,73.000955
2874.691389,73.000955
2875.282222,73.968793
2875.369444,73.968793
2875.599444,73.000955
2875.655833,73.000955
2875.861944,73.000955
2875.886111,73.000955
2876.119444,73.000955
2876.144444,73.000955
2876.338333,73.000955
2876.3625,73.000955
2876.585556,73.000955
2876.636667,73.000955
2876.68,73.968793
2877.245,73.000955
2877.361389,73.000955
2877.582778,73.000955
2877.633889,73.968793
2877.819722,73.968793
2877.871667,73.968793
2878.105278,73.000955
2878.156111,73.000955
2878.329722,73.000955
2878.353889,73.000955
2878.529167,73.968793
2878.624167,73.968793
2878.694167,73.968793
2879.270556,73.968793
2879.3875,73.968793
2879.602778,73.000955
2879.627222,73.000955
2879.805833,73.000955
2879.859444,73.000955
2880.078333,73.968793
2880.129444,73.968793
2880.293889,73.968793
2880.349167,73.968793
2880.577222,73.968793
2880.628333,73.000955
2880.702222,73.000955
2881.225,73.000955
2881.351667,73.000955
2881.523889,73.000955
2881.633611,73.000955
2881.800833,73.000955
2881.856667,73.000955
2882.085,73.968793
2882.138333,73.968793
2882.311389,73.968793
2882.340278,73.968793
2882.520556,73.968793
2882.627222,73.968793
2882.698056,73.968793
2883.24,73.000955
2883.336389,73.000955
2883.575833,73.000955
2883.646389,73.000955
2883.826111,73.000955
2883.850278,73.000955
2884.068333,73.000955
2884.134444,73.000955
2884.312778,73.000955
2884.371944,73.000955
2884.588611,73.000955
2884.658333,73.968793
2884.701389,73.968793
2885.261944,73.000955
2885.335556,73.000955
2885.502778,73.000955
2885.641944,73.000955
2885.815833,73.000955
2885.840556,73.000955
2886.065556,73.968793
2886.136111,73.968793
2886.311111,73.968793
2886.339167,73.968793
2886.511944,73.968793
2886.645278,73.000955
2886.688611,73.000955
2887.295556,73.000955
2887.360833,73.000955
2887.585278,73.000955
2887.636389,73.000955
2887.819722,73.000955
2887.843889,73.000955
2888.005833,73.968793
2888.121944,73.968793
2888.287778,73.968793
2888.338889,73.968793
2888.529444,73.968793
2888.636944,73.968793
2888.68,73.968793
2889.259444,73.000955
2889.3525,73.000955
2889.537778,73.000955
2889.6575,73.000955
2889.844167,73.968793
2889.868333,73.968793
2890.110556,73.968793
2890.173611,73.968793
2890.356944,73.000955
2890.575278,73.000955
2890.648333,73.000955
2890.691389,73.000955
2891.265556,73.000955
2891.357778,73.000955
2891.605833,73.968793
2891.666389,73.000955
2891.861944,73.000955
2892.106389,73.000955
2892.1625,73.000955
2892.372778,73.000955
2892.397778,73.000955
2892.615833,73.000955
2892.643889,73.000955
2892.6875,73.000955
2893.265,73.968793
2893.335833,73.000955
2893.505833,73.000955
2893.637778,73.000955
2893.825833,73.000955
2893.850833,73.000955
2894.093889,73.000955
2894.158889,73.000955
2894.336944,73.000955
2894.361111,73.000955
2894.598056,73.000955
2894.649167,73.000955
2894.692222,73.000955
2895.256667,73.000955
2895.354444,73.000955
2895.585556,73.000955
2895.655,73.000955
2895.841389,73.000955
2895.865556,73.000955
2896.094722,73.000955
2896.149722,73.000955
2896.33,73.000955
2896.362778,73.000955
2896.598889,73.000955
2896.66,73.000955
2896.703333,73.000955
2897.281667,73.968793
2897.333889,73.968793
2897.525,73.968793
2897.631944,73.968793
2897.811667,73.968793
2897.875556,73.968793
2898.088056,73.968793
2898.148056,73.968793
2898.323056,73.968793
2898.351389,73.968793
2898.366389,73.968793
2898.5725,73.968793
2898.639167,73.968793
2898.682778,73.968793
2899.263889,73.968793
2899.350833,73.968793
2899.523889,73.968793
2899.636667,73.968793
2899.829722,73.000955
2899.854722,73.000955
2900.091944,73.000955
2900.164722,73.968793
2900.353611,73.968793
2900.459722,73.968793
2900.581111,73.000955
2900.658889,73.000955
2900.7025,73.000955
2901.288056,73.000955
2901.380833,73.000955
2901.613333,73.000955
2901.669444,73.000955
2901.8475,73.968793
2902.083333,73.968793
2902.149444,73.968793
2902.326111,73.968793
2902.35,73.968793
2902.574444,73.000955
2902.637222,73.968793
2902.680556,73.968793
2903.280833,73.968793
2903.339722,73.968793
2903.580833,73.968793
2903.647222,73.968793
2903.823889,73.968793
2903.848056,73.968793
2904.067778,73.000955
2904.145833,73.968793
2904.3325,73.968793
2904.356667,73.968793
2904.573889,73.968793
2904.633611,73.968793
2904.703889,73.968793
2905.2725,73.000955
2905.361389,73.000955
2905.575,73.000955
2905.636667,73.000955
2905.826111,73.000955
2905.850833,73.968793
2906.074444,73.000955
2906.129722,73.000955
2906.321389,73.000955
2906.373611,73.000955
2906.585833,73.968793
2906.6425,73.968793
2906.686667,73.968793
2907.312778,73.968793
2907.37,73.968793
2907.603056,73.968793
2907.663056,73.968793
2907.8525,73.000955
2908.086667,73.000955
2908.151667,73.000955
2908.339722,73.968793
2908.363889,73.968793
2908.602778,73.968793
2908.658611,73.968793
2908.703056,73.968793
2909.261667,73.968793
2909.334722,73.968793
2909.557222,73.968793
2909.651111,73.968793
2909.823889,73.000955
2909.861111,73.000955
2910.080833,73.000955
2910.140833,73.000955
2910.329444,73.000955
2910.354167,73.000955
2910.571667,73.000955
2910.636667,73.000955
2910.679722,73.000955
2911.269722,73.000955
2911.34,73.000955
2911.531944,73.000955
2911.657222,73.000955
2911.833889,73.000955
2911.858056,73.000955
2912.093611,73.968793
2912.144444,73.968793
2912.329444,73.968793
2912.353611,73.968793
2912.523333,73.968793
2912.627222,73.968793
2912.706111,73.968793
2913.264722,73.000955
2913.366389,73.000955
2913.541944,73.000955
2913.631667,73.000955
2913.820556,73.000955
2913.871667,73.000955
2914.105556,73.000955
2914.166667,73.968793
2914.374722,73.968793
2914.601944,73.968793
2914.680278,73.968793
2915.095833,73.000955
2915.233056,73.000955
2915.300833,73.000955
2915.369444,73.000955
2915.584167,73.000955
2915.635278,73.000955
2915.833056,73.968793
2915.8625,73.968793
2916.085278,73.000955
2916.141667,73.000955
2916.333889,73.000955
2916.358056,73.000955
2916.578611,73.000955
2916.638056,73.000955
2916.685278,73.000955
2917.253611,73.968793
2917.346944,73.968793
2917.529444,73.000955
2917.622778,73.000955
2917.805833,73.000955
2917.862222,73.000955
2918.093889,73.000955
2918.15,73.000955
2918.3325,73.000955
2918.360556,73.000955
2918.560278,73.968793
2918.611944,73.968793
2918.687222,73.968793
2919.226111,73.000955
2919.350278,73.000955
2919.527222,73.000955
2919.639444,73.000955
2919.816667,73.000955
2919.840833,73.000955
2920.060833,73.000955
2920.136389,73.000955
2920.298889,73.000955
2920.334722,73.000955
2920.507778,73.000955
2920.628611,73.000955
2920.699444,73.968793
2921.26,73.000955
2921.349167,73.968793
2921.566944,73.968793
2921.640833,73.968793
2921.821944,73.000955
2921.847222,73.000955
2922.077222,73.000955
2922.146111,73.000955
2922.329167,73.000955
2922.353056,73.000955
2922.578056,73.000955
2922.643333,73.000955
2922.686667,73.000955
2923.282778,73.000955
2923.348611,73.000955
2923.515556,73.968793
2923.624167,73.000955
2923.831667,73.000955
2923.896389,73.000955
2924.131944,73.000955
2924.156111,73.000955
2924.35,73.000955
2924.374167,73.000955
2924.574167,73.000955
2924.633333,73.000955
2924.704167,73.000955
2925.288056,73.000955
2925.361944,73.000955
2925.5875,73.000955
2925.643056,73.968793
2925.826111,73.000955
2925.850278,73.000955
2926.074444,73.000955
2926.143333,73.000955
2926.309444,73.000955
2926.336389,73.000955
2926.5025,73.968793
2926.643056,73.968793
2926.686389,73.000955
2927.268889,73.000955
2927.342222,73.000955
2927.511389,73.000955
2927.646944,73.968793
2927.813611,73.000955
2927.848056,73.000955
2928.060833,73.968793
2928.136667,73.968793
2928.327778,73.968793
2928.352778,73.968793
2928.564722,73.000955
2928.631667,73.000955
2928.703333,73.000955
2929.288889,73.000955
2929.346111,73.000955
2929.5675,73.000955
2929.632778,73.000955
2929.820833,73.000955
2929.880556,73.000955
2930.103056,73.968793
2930.154722,73.968793
2930.325,73.000955
2930.35,73.000955
2930.520833,73.000955
2930.632222,73.000955
2930.703056,73.000955
2931.224444,73.968793
2931.354444,73.000955
2931.543889,73.000955
2931.654167,73.000955
2931.839167,73.000955
2931.863333,73.000955
2932.089444,73.000955
2932.149722,73.000955
2932.33,73.000955
2932.358056,73.000955
2932.525278,73.000955
2932.632222,73.000955
2932.702222,73.000955
2933.239444,73.000955
2933.348889,73.000955
2933.363889,73.000955
2933.579722,73.000955
2933.655278,73.000955
2933.815556,73.968793
2933.848611,73.968793
2934.070556,73.000955
2934.141667,73.000955
2934.316667,73.968793
2934.340833,73.000955
2934.564722,73.968793
2934.630278,73.000955
2934.708333,73.000955
2935.259167,73.000955
2935.355,73.000955
2935.574167,73.000955
2935.640833,73.000955
2935.823611,73.000955
2935.854444,73.000955
2936.083889,73.000955
2936.157222,73.000955
2936.340278,73.000955
2936.364444,73.000955
2936.568889,73.000955
2936.619722,73.000955
2936.690833,73.000955
2937.223889,73.000955
2937.346389,73.000955
2937.548333,73.000955
2937.650833,73.000955
2937.855833,73.000955
2937.88,73.000955
2938.102222,73.000955
2938.160556,73.000955
2938.341944,73.000955
2938.375,73.000955
2938.6025,73.000955
2938.658889,73.000955
2938.701944,73.000955
2939.260278,73.000955
2939.360556,73.000955
2939.5825,73.000955
2939.638333,73.000955
2939.813056,73.000955
2939.837778,73.000955
2940.071389,73.000955
2940.163333,73.000955
2940.3475,73.000955
2940.554444,73.000955
2940.626389,73.000955
2940.705278,73.000955
2941.256667,73.000955
2941.368611,73.000955
2941.603056,73.000955
2941.658056,73.000955
2941.8325,73.000955
2941.856667,73.000955
2942.103611,73.000955
2942.155,73.000955
2942.336667,73.000955
2942.360833,73.000955
2942.578611,73.000955
2942.634444,73.000955
2942.683333,73.000955
2943.262222,73.000955
2943.3625,73.000955
2943.541944,73.000955
2943.635,73.000955
2943.813889,73.000955
2943.843333,73.000955
2944.060833,73.000955
2944.13,73.000955
2944.305833,73.000955
2944.361111,73.000955
2944.588333,73.000955
2944.647222,73.000955
2944.694444,73.000955
2945.261389,73.000955
2945.356389,73.000955
2945.587222,73.000955
2945.662222,73.000955
2945.834444,73.000955
2946.061111,73.000955
2946.126111,73.000955
2946.312778,73.000955
2946.363889,73.000955
2946.574167,73.000955
2946.626389,73.000955
2946.704167,73.000955
2947.241667,73.000955
2947.362778,73.000955
2947.596667,73.000955
2947.647778,73.000955
2947.820556,73.000955
2947.848611,73.000955
2948.094444,73.000955
2948.167222,73.000955
2948.3625,73.000955
2948.577222,73.000955
2948.633333,73.000955
2948.708056,73.000955
2949.307778,73.000955
2949.358889,73.000955
2949.565833,73.000955
2949.631111,73.000955
2949.810278,73.000955
2949.862778,73.000955
2950.076389,73.000955
2950.131944,73.000955
2950.314444,73.000955
2950.37,73.000955
2950.599722,73.000955
2950.655556,73.000955
2950.699444,73.000955
2951.286389,73.000955
2951.337778,73.000955
2951.510833,73.000955
2951.645833,73.000955
2951.809722,73.000955
2951.833889,73.000955
2952.010833,73.000955
2952.145556,73.000955
2952.313333,73.000955
2952.3375,73.000955
2952.52,73.000955
2952.626944,73.000955
2952.701111,73.000955
2953.261944,73.000955
2953.355,73.000955
2953.571111,73.000955
2953.628889,73.000955
2953.798333,73.000955
2953.850278,73.000955
2954.066667,73.000955
2954.14,73.000955
2954.317778,73.000955
2954.346111,73.000955
2954.517222,73.000955
2954.621389,73.000955
2954.6925,73.000955
2955.226389,73.000955
2955.350833,73.000955
2955.580278,73.000955
2955.650556,73.000955
2955.831944,73.000955
2955.855833,73.000955
2956.079444,73.000955
2956.130833,73.000955
2956.306944,73.000955
2956.358056,73.000955
2956.578056,73.000955
2956.643333,73.000955
2956.686389,73.000955
2957.281667,73.000955
2957.346944,73.000955
2957.519167,73.000955
2957.627222,73.000955
2957.804167,73.000955
2957.860278,73.000955
2958.080278,73.000955
2958.137222,73.000955
2958.324722,73.000955
2958.349167,73.000955
2958.574167,73.000955
2958.640833,73.000955
2958.688889,73.000955
2959.288611,73.000955
2959.357778,73.000955
2959.559722,73.000955
2959.615,73.000955
2959.8025,73.000955
2959.854167,73.000955
2960.078056,73.000955
2960.143056,73.000955
2960.334722,73.000955
2960.363056,73.000955
2960.576111,73.000955
2960.628611,73.000955
2960.699167,73.000955
2961.270278,72.033116
2961.336389,73.000955
2961.524167,73.000955
2961.65,73.000955
2961.823611,73.000955
2961.847778,73.000955
2962.073889,73.000955
2962.143611,73.000955
2962.34,73.000955
2962.364167,73.000955
2962.576389,73.000955
2962.637222,73.000955
2962.684722,73.000955
2963.251111,73.000955
2963.341111,73.000955
2963.525556,73.000955
2963.633333,73.000955
2963.814167,73.000955
2963.84,73.000955
2964.0775,73.000955
2964.150556,73.000955
2964.345556,73.000955
2964.37,73.000955
2964.605278,72.033116
2964.658056,72.033116
2964.701111,73.000955
2965.299444,73.000955
2965.351111,73.000955
2965.5275,73.000955
2965.625556,73.000955
2965.812222,73.000955
2965.871389,73.000955
2966.104722,73.000955
2966.165833,73.000955
2966.361389,72.033116
2966.576944,73.000955
2966.628056,72.033116
2966.698056,73.000955
2967.248056,73.000955
2967.345,73.000955
2967.576111,73.000955
2967.650278,73.000955
2967.829722,73.000955
2967.854722,73.000955
2968.0675,73.000955
2968.114167,73.000955
2968.123611,73.000955
2968.323056,73.000955
2968.375,73.000955
2968.610278,73.000955
2968.693889,73.000955
2969.099167,73.000955
2969.315,73.000955
2969.392222,73.000955
2969.626944,73.000955
2969.651111,73.000955
2969.819444,73.000955
2969.843611,73.000955
2970.063611,73.000955
2970.128611,73.000955
2970.235278,73.000955
2970.250556,73.000955
2970.335,73.000955
2970.387222,73.000955
2970.611389,73.000955
2970.635833,73.000955
2970.678889,73.000955
2971.248333,73.000955
2971.342778,73.000955
2971.587222,73.000955
2971.660833,73.000955
2971.865833,73.000955
2972.1,73.000955
2972.160278,73.000955
2972.362778,73.000955
2972.386667,73.000955
2972.598611,73.000955
2972.622778,73.000955
2972.692778,73.000955
2973.256111,73.000955
2973.371389,73.000955
2973.59,73.000955
2973.641944,73.000955
2973.810556,73.000955
2973.834722,73.000955
2974.06,73.000955
2974.163056,73.000955
2974.335556,72.033116
2974.560278,73.000955
2974.650833,73.000955
2974.694167,73.000955
2975.264722,72.033116
2975.329722,73.000955
2975.524722,73.000955
2975.649722,73.000955
2975.845,72.033116
2975.869722,72.033116
2976.0825,73.000955
2976.133611,72.033116
2976.308056,72.033116
2976.332222,73.000955
2976.503889,73.000955
2976.626111,73.000955
2976.696389,73.000955
2977.249722,73.000955
2977.334722,73.000955
2977.515278,73.000955
2977.648611,73.000955
2977.825556,73.000955
2977.853611,73.000955
2978.0925,73.000955
2978.161944,73.000955
2978.350556,73.000955
2978.566111,73.000955
2978.631944,73.000955
2978.705833,73.000955
2979.244444,73.000955
2979.332778,73.000955
2979.503611,73.000955
2979.637222,73.000955
2979.828889,73.000955
2979.857222,73.000955
2980.081111,73.000955
2980.154722,73.000955
2980.319722,73.000955
2980.344444,73.000955
2980.516111,73.000955
2980.618333,72.033116
2980.688333,73.000955
2981.271944,73.000955
2981.369722,73.000955
2981.536389,73.000955
2981.626667,73.000955
2981.803333,73.000955
2981.859722,73.000955
2982.085556,73.000955
2982.145833,73.000955
2982.330278,73.000955
2982.354444,73.000955
2982.575278,73.000955
2982.646111,73.000955
2982.689722,73.000955
2983.258333,73.000955
2983.363056,73.000955
2983.5775,73.000955
2983.63,73.000955
2983.795278,73.000955
2983.851944,73.000955
2984.084722,73.000955
2984.16,73.000955
2984.322222,73.000955
2984.348889,73.000955
2984.583333,73.000955
2984.655556,72.033116
2984.704167,72.033116
2985.293611,72.033116
2985.3525,72.033116
2985.585833,72.033116
2985.659444,73.000955
2985.830833,73.000955
2985.86,73.000955
2986.082222,73.000955
2986.141389,73.000955
2986.331944,73.000955
2986.360278,73.000955
2986.573889,73.000955
2986.625,73.000955
2986.703611,73.000955
2987.235833,72.033116
2987.337778,72.033116
2987.513333,72.033116
2987.638889,73.000955
2987.806667,73.000955
2987.831389,73.000955
2988.0575,72.033116
2988.143611,72.033116
2988.319167,72.033116
2988.347222,72.033116
2988.515278,73.000955
2988.615,72.033116
2988.691111,72.033116
2989.228611,72.033116
2989.353889,72.033116
2989.515278,72.033116
2989.626667,72.033116
2989.798889,73.000955
2989.853611,73.000955
2990.080278,73.000955
2990.153611,73.000955
2990.329167,72.033116
2990.353333,72.033116
2990.587222,72.033116
2990.652222,73.000955
2990.695833,73.000955
2991.244167,72.033116
2991.375556,72.033116
2991.574167,73.000955
2991.625278,73.000955
2991.825278,73.000955
2991.881667,73.000955
2992.1125,73.000955
2992.165833,73.000955
2992.343056,73.000955
2992.558889,73.000955
2992.633056,73.000955
2992.680278,73.000955
2993.238889,72.033116
2993.347222,72.033116
2993.565556,73.000955
2993.635833,73.000955
2993.833611,73.000955
2993.861944,73.000955
2994.100556,73.000955
2994.153611,73.000955
2994.346389,73.000955
2994.370556,73.000955
2994.595833,72.033116
2994.648056,73.000955
2994.695,72.033116
2995.234444,72.033116
2995.348333,72.033116
2995.569444,72.033116
2995.625556,72.033116
2995.816667,72.033116
2995.870833,72.033116
2996.128889,72.033116
2996.188611,73.000955
2996.367222,73.000955
2996.582222,73.000955
2996.635,73.000955
2996.68,73.000955
2997.236389,73.000955
2997.360278,73.000955
2997.603611,73.000955
2997.655278,73.000955
2997.837778,73.000955
2997.861944,73.000955
2998.088333,72.033116
2998.144444,73.000955
2998.310278,72.033116
2998.335278,72.033116
2998.518889,72.033116
2998.649722,72.033116
2998.693056,72.033116
2999.273611,72.033116
2999.338333,73.000955
2999.513056,73.000955
2999.647778,73.000955
2999.841389,72.033116
2999.869444,72.033116
3000.083889,72.033116
3000.138611,72.033116
3000.313889,72.033116
3000.342778,73.000955
3000.5125,72.033116
3000.6275,73.000955
3000.701389,72.033116
3001.261944,73.000955
3001.363056,72.033116
3001.523056,72.033116
3001.62,72.033116
3001.795278,72.033116
3001.850278,72.033116
3002.072778,72.033116
3002.139722,72.033116
3002.320556,72.033116
3002.345556,72.033116
3002.565278,72.033116
3002.635833,72.033116
3002.679722,72.033116
3003.261667,73.000955
3003.351111,72.033116
3003.3975,72.033116
3003.531111,73.000955
3003.641111,73.000955
3003.811111,73.000955
3003.835278,73.000955
3003.995278,73.000955
3004.127778,73.000955
3004.317778,72.033116
3004.368889,72.033116
3004.586389,72.033116
3004.641944,72.033116
3004.686111,72.033116
3005.22,72.033116
3005.34,72.033116
3005.437778,72.033116
3005.510556,73.000955
3005.611389,72.033116
3005.801111,72.033116
3005.858889,72.033116
3006.090556,72.033116
3006.1425,72.033116
3006.335278,72.033116
3006.360278,72.033116
3006.573889,72.033116
3006.633611,72.033116
3006.704444,72.033116
3007.24,71.065277
3007.364167,72.033116
3007.564722,72.033116
3007.624722,72.033116
3007.805833,72.033116
3007.856944,72.033116
3008.078611,72.033116
3008.147778,72.033116
3008.323056,73.000955
3008.348056,73.000955
3008.524722,72.033116
3008.627222,72.033116
3008.701389,71.065277
3009.236389,72.033116
3009.350278,72.033116
3009.588333,72.033116
3009.654444,72.033116
3009.834722,72.033116
3009.858889,72.033116
3010.0725,72.033116
3010.123611,72.033116
3010.301944,72.033116
3010.356944,73.000955
3010.570556,72.033116
3010.639444,72.033116
3010.682778,72.033116
3011.258611,72.033116
3011.353333,72.033116
3011.524722,72.033116
3011.628333,72.033116
3011.793889,72.033116
3011.855556,72.033116
3012.075556,72.033116
3012.155,71.065277
3012.336944,72.033116
3012.361111,72.033116
3012.578333,72.033116
3012.630833,72.033116
3012.708889,72.033116
3013.344722,72.033116
3013.401944,72.033116
3013.628056,72.033116
3013.653056,72.033116
3013.841111,72.033116
3013.865833,72.033116
3014.092222,72.033116
3014.143333,72.033116
3014.327778,72.033116
3014.354444,72.033116
3014.528611,71.065277
3014.625,72.033116
3014.695,71.065277
3015.215556,72.033116
3015.341944,72.033116
3015.522222,72.033116
3015.648333,72.033116
3015.828333,72.033116
3015.853056,72.033116
3016.08,71.065277
3016.212222,71.065277
3016.346111,71.065277
3016.585278,71.065277
3016.829722,71.065277
3017.542778,71.065277
3017.72,71.065277
3017.880833,71.065277
3018.089444,71.065277
3018.114722,71.065277
3018.294444,72.033116
3018.346389,72.033116
3018.520278,72.033116
3018.633611,72.033116
3018.704722,72.033116
3019.240833,72.033116
3019.368056,72.033116
3019.533333,72.033116
3019.648056,72.033116
3019.823333,71.065277
3019.847222,72.033116
3020.059722,72.033116
3020.130556,71.065277
3020.309722,72.033116
3020.364722,71.065277
3020.5725,71.065277
3020.625556,71.065277
3020.701667,72.033116
3021.286111,71.065277
3021.348056,71.065277
3021.526389,72.033116
3021.627778,72.033116
3021.798889,71.065277
3021.85,71.065277
3022.075556,72.033116
3022.140556,72.033116
3022.334167,72.033116
3022.358333,72.033116
3022.569444,71.065277
3022.638611,71.065277
3022.681667,71.065277
3023.256111,72.033116
3023.356111,71.065277
3023.529444,72.033116
3023.636389,72.033116
3023.816389,71.065277
3023.843056,71.065277
3024.068611,72.033116
3024.140833,72.033116
3024.320278,71.065277
3024.345,71.065277
3024.5575,71.065277
3024.623056,71.065277
3024.694444,71.065277
3025.242222,72.033116
3025.354444,72.033116
3025.5675,72.033116
3025.6325,71.065277
3025.817778,71.065277
3025.868889,71.065277
3026.095278,71.065277
3026.151389,71.065277
3026.332778,71.065277
3026.357222,71.065277
3026.529167,71.065277
3026.641667,71.065277
3026.686389,71.065277
3027.288611,71.065277
3027.349167,71.065277
3027.587222,71.065277
3027.652778,71.065277
3027.830278,72.033116
3027.854444,72.033116
3028.087778,71.065277
3028.153056,71.065277
3028.316389,71.065277
3028.340556,71.065277
3028.519444,71.065277
3028.621667,71.065277
3028.700556,71.065277
3029.276389,71.065277
3029.348056,71.065277
3029.530278,72.033116
3029.632778,72.033116
3029.809167,71.065277
3029.866667,71.065277
3030.082778,71.065277
3030.149167,71.065277
3030.327222,71.065277
3030.351389,71.065277
3030.521944,71.065277
3030.624167,71.065277
3030.698056,71.065277
3031.225833,71.065277
3031.342222,71.065277
3031.521389,71.065277
3031.660833,71.065277
3031.845556,71.065277
3031.873889,71.065277
3032.101389,71.065277
3032.165,71.065277
3032.349444,72.033116
3032.581667,71.065277
3032.647222,71.065277
3032.695,71.065277
3033.291944,71.065277
3033.360833,72.033116
3033.539167,71.065277
3033.636389,71.065277
3033.817222,71.065277
3033.841389,71.065277
3034.086944,71.065277
3034.151944,71.065277
3034.365278,71.065277
3034.39,71.065277
3034.619167,72.033116
3034.690556,71.065277
3035.111944,72.033116
3035.292778,71.065277
3035.343889,71.065277
3035.594444,71.065277
3035.647222,71.065277
3035.831667,71.065277
3035.855833,71.065277
3036.081389,71.065277
3036.136389,71.065277
3036.323611,71.065277
3036.347778,71.065277
3036.5775,72.033116
3036.649722,71.065277
3036.692778,71.065277
3037.252222,71.065277
3037.360556,71.065277
3037.533889,71.065277
3037.622222,71.065277
3037.815556,71.065277
3037.867778,71.065277
3038.098333,71.065277
3038.151389,71.065277
3038.332222,71.065277
3038.356111,71.065277
3038.373333,71.065277
3038.562778,72.033116
3038.64,72.033116
3038.683056,71.065277
3039.250278,71.065277
3039.370833,71.065277
3039.593333,71.065277
3039.648333,71.065277
3039.834167,71.065277
3039.858333,71.065277
3040.079167,72.033116
3040.130278,72.033116
3040.315556,72.033116
3040.341111,71.065277
3040.457778,71.065277
3040.57,70.097439
3040.640278,70.097439
3040.684167,71.065277
3041.294444,71.065277
3041.3575,71.065277
3041.571111,71.065277
3041.6375,71.065277
3041.8525,71.065277
3041.876667,71.065277
3042.100278,71.065277
3042.151389,71.065277
3042.333333,71.065277
3042.3575,71.065277
3042.573611,71.065277
3042.642778,70.097439
3042.696944,71.065277
3043.280556,72.033116
3043.347222,71.065277
3043.525833,71.065277
3043.628889,71.065277
3043.809444,71.065277
3043.862778,71.065277
3044.098056,71.065277
3044.149444,71.065277
3044.340278,71.065277
3044.365,71.065277
3044.573611,71.065277
3044.633333,71.065277
3044.708056,71.065277
3045.238611,71.065277
3045.3525,71.065277
3045.584167,71.065277
3045.650833,71.065277
3045.843889,71.065277
3045.868056,71.065277
3046.095278,71.065277
3046.151111,71.065277
3046.338333,71.065277
3046.362778,71.065277
3046.594444,71.065277
3046.649722,71.065277
3046.692778,71.065277
3047.29,71.065277
3047.359444,71.065277
3047.531944,71.065277
3047.638333,71.065277
3047.827222,70.097439
3047.856389,70.097439
3048.077222,71.065277
3048.153611,71.065277
3048.334444,72.033116
3048.358889,72.033116
3048.585,71.065277
3048.641389,71.065277
3048.684444,71.065277
3049.284167,71.065277
3049.35,71.065277
3049.5125,71.065277
3049.611389,71.065277
3049.776389,71.065277
3049.831389,71.065277
3050.074722,71.065277
3050.158056,71.065277
3050.355,71.065277
3050.379167,71.065277
3050.578056,70.097439
3050.634167,71.065277
3050.679444,71.065277
3051.278611,71.065277
3051.331944,70.097439
3051.511944,70.097439
3051.647778,71.065277
3051.825556,71.065277
3051.849722,71.065277
3052.062222,71.065277
3052.1275,70.097439
3052.303333,71.065277
3052.358889,71.065277
3052.601111,71.065277
3052.684167,71.065277
3053.123611,71.065277
3053.321944,71.065277
3053.383056,71.065277
3053.591111,71.065277
3053.606111,71.065277
3053.6425,71.065277
3053.822778,71.065277
3053.846667,71.065277
3054.064167,71.065277
3054.134722,71.065277
3054.308611,71.065277
3054.333889,72.033116
3054.510556,71.065277
3054.658611,71.065277
3054.701667,71.065277
3055.288056,71.065277
3055.343889,71.065277
3055.5775,71.065277
3055.651111,71.065277
3055.753056,71.065277
3055.841111,71.065277
3055.865833,71.065277
3056.09,70.097439
3056.141389,71.065277
3056.331667,71.065277
3056.355833,71.065277
3056.594444,71.065277
3056.684167,71.065277
3057.115556,71.065277
3057.310556,70.097439
3057.366667,70.097439
3057.591389,70.097439
3057.6425,71.065277
3057.825,71.065277
3057.85,71.065277
3058.083056,71.065277
3058.163056,71.065277
3058.364167,70.097439
3058.602222,71.065277
3058.654167,71.065277
3058.698056,71.065277
3059.293611,71.065277
3059.365278,71.065277
3059.573056,71.065277
3059.625556,71.065277
3059.814167,70.097439
3059.865556,71.065277
3060.104167,71.065277
3060.159722,71.065277
3060.345,71.065277
3060.369167,71.065277
3060.609167,71.065277
3060.691111,71.065277
3061.133333,71.065277
3061.324444,71.065277
3061.391389,71.065277
3061.643056,71.065277
3061.667222,71.065277
3061.948056,71.065277
3062.174444,71.065277
3062.375278,71.065277
3062.618611,71.065277
3062.701389,71.065277
3063.134722,71.065277
3063.319167,70.097439
3063.344444,70.097439
3063.565278,71.065277
3063.636667,71.065277
3063.833611,71.065277
3063.857778,71.065277
3064.106389,71.065277
3064.161944,71.065277
3064.359722,71.065277
3064.600278,71.065277
3064.651667,70.097439
3064.699722,70.097439
3065.286389,71.065277
3065.368056,71.065277
3065.603889,71.065277
3065.672778,71.065277
3065.852222,71.065277
3066.078889,70.097439
3066.150556,70.097439
3066.333611,71.065277
3066.361667,70.097439
3066.608611,71.065277
3066.683889,71.065277
3067.088333,71.065277
3067.2875,71.065277
3067.363889,71.065277
3067.599722,70.097439
3067.650556,70.097439
3067.879722,70.097439
3067.903889,70.097439
3068.133056,70.097439
3068.156944,70.097439
3068.351111,70.097439
3068.376111,70.097439
3068.61,70.097439
3068.625,70.097439
3068.684444,71.065277
3069.108333,71.065277
3069.286111,71.065277
3069.368611,71.065277
3069.613889,71.065277
3069.67,72.033116
3069.864167,71.065277
3070.109167,72.033116
3070.161111,72.033116
3070.351667,72.033116
3070.578333,71.065277
3070.644444,72.033116
3070.6875,72.033116
3070.936667,72.033116
3071.261667,71.065277
3071.358611,71.065277
3071.618056,71.065277
3071.67,72.033116
3071.855556,72.033116
3072.088333,71.065277
3072.140278,71.065277
3072.333611,72.033116
3072.357778,71.065277
3072.588333,71.065277
3072.643889,71.065277
3072.695,71.065277
3073.285278,72.033116
3073.339722,72.033116
3073.520556,72.033116
3073.638333,72.033116
3073.836944,71.065277
3073.861111,71.065277
3074.0875,71.065277
3074.147222,71.065277
3074.322778,71.065277
3074.346944,71.065277
3074.575556,71.065277
3074.646111,71.065277
3074.689722,71.065277
3075.308333,71.065277
3075.368333,71.065277
3075.612222,71.065277
3075.671111,71.065277
3075.875,71.065277
3076.099722,71.065277
3076.154444,71.065277
3076.353611,71.065277
3076.3775,71.065277
3076.588056,71.065277
3076.643333,72.033116
3076.686389,72.033116
3077.299444,71.065277
3077.355833,71.065277
3077.5825,72.033116
3077.651944,72.033116
3077.838056,72.033116
3077.866667,72.033116
3078.083889,72.033116
3078.140833,71.065277
3078.326389,71.065277
3078.355278,71.065277
3078.606111,72.033116
3078.684444,72.033116
3079.146944,71.065277
3079.330556,71.065277
3079.354722,71.065277
3079.57,72.033116
3079.625,71.065277
3079.799167,72.033116
3079.854167,72.033116
3080.079444,72.033116
3080.15,71.065277
3080.358333,71.065277
3080.385,71.065277
3080.618056,72.033116
3080.643889,71.065277
3080.688611,72.033116
3081.311389,71.065277
3081.366944,72.033116
3081.602778,71.065277
3081.658889,71.065277
3081.863056,72.033116
3081.888056,72.033116
3082.137778,72.033116
3082.170833,72.033116
3082.363056,71.065277
3082.586667,72.033116
3082.642222,71.065277
3082.685278,71.065277
3083.261389,71.065277
3083.335833,71.065277
3083.538889,72.033116
3083.660833,72.033116
3083.850556,71.065277
3083.865833,71.065277
3084.083056,72.033116
3084.167222,72.033116
3084.359444,72.033116
3084.587778,71.065277
3084.646667,71.065277
3084.689722,72.033116
3085.250278,72.033116
3085.376667,72.033116
3085.601667,72.033116
3085.653611,72.033116
3085.836667,72.033116
3085.860833,72.033116
3085.974167,72.033116
3086.095556,72.033116
3086.1475,72.033116
3086.3375,72.033116
3086.3625,72.033116
3086.594722,71.065277
3086.647222,71.065277
3086.693333,72.033116
3087.2725,72.033116
3087.351667,72.033116
3087.584167,71.065277
3087.658611,71.065277
3087.834722,72.033116
3087.859167,72.033116
3088.085278,72.033116
3088.140556,72.033116
3088.336667,72.033116
3088.360833,72.033116
3088.586389,72.033116
3088.644167,71.065277
3088.687778,72.033116
3089.278333,71.065277
3089.348611,71.065277
3089.54,71.065277
3089.653056,71.065277
3089.836944,71.065277
3089.860833,72.033116
3090.078889,71.065277
3090.132222,71.065277
3090.313611,71.065277
3090.3675,71.065277
3090.582778,71.065277
3090.637778,71.065277
3090.680833,71.065277
3091.269167,71.065277
3091.348889,71.065277
3091.548056,71.065277
3091.653056,71.065277
3091.839722,72.033116
3091.865,71.065277
3092.110278,71.065277
3092.161111,71.065277
3092.329444,71.065277
3092.516667,72.033116
3092.645556,72.033116
3092.688889,72.033116
3093.308056,72.033116
3093.368056,72.033116
3093.6,72.033116
3093.656111,71.065277
3093.86,71.065277
3093.888056,71.065277
3094.124722,72.033116
3094.155556,72.033116
3094.3275,71.065277
3094.351667,71.065277
3094.5725,71.065277
3094.655,72.033116
3094.701944,72.033116
3095.305278,71.065277
3095.365556,71.065277
3095.581389,71.065277
3095.6375,71.065277
3095.835,71.065277
3095.859167,72.033116
3096.102778,71.065277
3096.153889,71.065277
3096.353333,72.033116
3096.381389,71.065277
3096.5975,72.033116
3096.648611,72.033116
3096.692222,71.065277
3097.275556,71.065277
3097.355,71.065277
3097.576944,71.065277
3097.648056,71.065277
3097.853333,72.033116
3097.881389,72.033116
3098.101111,72.033116
3098.152778,72.033116
3098.338333,71.065277
3098.363333,71.065277
3098.586667,71.065277
3098.603889,71.065277
3098.639167,71.065277
3098.6825,71.065277
3099.266389,72.033116
3099.338056,72.033116
3099.560278,71.065277
3099.633333,71.065277
3099.819722,72.033116
3099.843889,71.065277
3100.08,71.065277
3100.150556,72.033116
3100.354167,71.065277
3100.383056,71.065277
3100.613889,71.065277
3100.687778,72.033116
3100.963611,72.033116
3101.136667,72.033116
3101.329722,71.065277
3101.353889,71.065277
3101.571111,71.065277
3101.646111,71.065277
3101.829444,72.033116
3101.854444,72.033116
3102.086111,72.033116
3102.161667,72.033116
3102.367778,72.033116
3102.593889,71.065277
3102.648889,71.065277
3102.691944,71.065277
3103.32,72.033116
3103.344167,72.033116
3103.511111,72.033116
3103.629722,72.033116
3103.795278,72.033116
3103.864167,71.065277
3104.113611,72.033116
3104.177778,72.033116
3104.370556,72.033116
3104.584167,71.065277
3104.637778,71.065277
3104.680833,71.065277
3105.288333,71.065277
3105.363889,71.065277
3105.544167,71.065277
3105.640278,72.033116
3105.84,71.065277
3105.864444,71.065277
3106.100278,71.065277
3106.154167,72.033116
3106.338333,71.065277
3106.3625,71.065277
3106.593889,71.065277
3106.649722,71.065277
3106.692778,71.065277
3107.280278,71.065277
3107.356389,71.065277
3107.595833,71.065277
3107.6525,71.065277
3107.837222,71.065277
3107.861667,71.065277
3108.107778,71.065277
3108.168889,71.065277
3108.360833,71.065277
3108.610278,71.065277
3108.694722,71.065277
3109.116944,72.033116
3109.315,71.065277
3109.374444,71.065277
3109.625,71.065277
3109.6825,71.065277
3109.8825,72.033116
3110.111944,71.065277
3110.136111,71.065277
3110.328889,72.033116
3110.353333,72.033116
3110.588056,71.065277
3110.6825,71.065277
3111.077778,72.033116
3111.267778,71.065277
3111.360556,71.065277
3111.586944,71.065277
3111.638889,71.065277
3111.838889,71.065277
3111.866944,71.065277
3112.112778,72.033116
3112.165833,72.033116
3112.355278,71.065277
3112.594167,71.065277
3112.649167,71.065277
3112.6925,71.065277
3113.318333,71.065277
3113.392778,71.065277
3113.622778,71.065277
3113.646944,71.065277
3113.861111,71.065277
3113.89,71.065277
3114.13,71.065277
3114.145,71.065277
3114.154722,71.065277
3114.345556,71.065277
3114.370278,71.065277
3114.614167,71.065277
3114.694444,71.065277
3115.116111,71.065277
3115.3025,71.065277
3115.353611,72.033116
3115.597222,71.065277
3115.6525,71.065277
3115.849722,71.065277
3115.873889,71.065277
3116.096111,71.065277
3116.151111,71.065277
3116.273889,71.065277
3116.345556,72.033116
3116.370556,71.065277
3116.602222,71.065277
3116.654444,71.065277
3116.702778,71.065277
3117.335833,71.065277
3117.3625,71.065277
3117.5975,71.065277
3117.65,71.065277
3117.830556,71.065277
3117.854444,71.065277
3118.062778,70.097439
3118.134722,71.065277
3118.316389,71.065277
3118.341944,71.065277
3118.559722,71.065277
3118.635,71.065277
3118.679444,71.065277
3119.339167,71.065277
3119.391111,71.065277
3119.610278,71.065277
3119.634444,71.065277
3119.838333,71.065277
3119.862778,71.065277
3120.088333,70.097439
3120.145,70.097439
3120.374722,71.065277
3120.403611,71.065277
3120.639722,71.065277
3120.683056,71.065277
3121.128889,71.065277
3121.326667,71.065277
3121.3775,71.065277
3121.607222,71.065277
3121.673333,70.097439
3121.838889,70.097439
3122.080278,71.065277
3122.159722,71.065277
3122.347778,71.065277
3122.375833,70.097439
3122.628056,70.097439
3122.698056,70.097439
3123.119444,71.065277
3123.321944,71.065277
3123.381944,70.097439
3123.629167,70.097439
3123.686389,70.097439
3123.903889,70.097439
3124.145556,70.097439
3124.172222,70.097439
3124.361667,71.065277
3124.588333,71.065277
3124.643056,71.065277
3124.686389,71.065277
3125.298889,71.065277
3125.378056,71.065277
3125.627222,71.065277
3125.686389,71.065277
3125.8875,71.065277
3126.107778,71.065277
3126.135833,71.065277
3126.327778,71.065277
3126.356667,71.065277
3126.611944,70.097439
3126.681944,70.097439
3127.141111,70.097439
3127.3425,70.097439
3127.367222,71.065277
3127.593056,71.065277
3127.644167,71.065277
3127.853056,71.065277
3127.877222,71.065277
3128.114722,70.097439
3128.177778,70.097439
3128.3725,70.097439
3128.5875,71.065277
3128.64,71.065277
3128.687222,70.097439
3129.27,70.097439
3129.346944,70.097439
3129.362222,70.097439
3129.526944,70.097439
3129.630556,71.065277
3129.81,70.097439
3129.865,70.097439
3130.107778,70.097439
3130.158611,70.097439
3130.332222,71.065277
3130.356667,71.065277
3130.576389,70.097439
3130.680278,71.065277
3131.102778,71.065277
3131.301667,70.097439
3131.361389,70.097439
3131.475,70.097439
3131.591111,70.097439
3131.648056,70.097439
3131.826111,70.097439
3131.850278,70.097439
3132.078889,70.097439
3132.155278,70.097439
3132.329444,71.065277
3132.3625,71.065277
3132.606944,70.097439
3132.658056,70.097439
3132.705278,70.097439
3133.306667,70.097439
3133.359444,70.097439
3133.538611,70.097439
3133.632778,71.065277
3133.828889,71.065277
3133.863889,71.065277
3134.094167,70.097439
3134.166667,70.097439
3134.347778,70.097439
3134.587222,70.097439
3134.657778,70.097439
3134.709167,71.065277
3135.275,71.065277
3135.353889,70.097439
3135.575833,71.065277
3135.646389,71.065277
3135.850556,70.097439
3135.874444,70.097439
3136.111389,70.097439
3136.178889,70.097439
3136.369722,70.097439
3136.608056,70.097439
3136.685833,70.097439
3137.157778,70.097439
3137.354444,70.097439
3137.378611,70.097439
3137.608611,71.065277
3137.669722,70.097439
3137.879167,70.097439
3138.101389,70.097439
3138.174444,70.097439
3138.342778,70.097439
3138.566667,70.097439
3138.650556,70.097439
3138.698333,70.097439
3139.275278,70.097439
3139.346944,70.097439
3139.570556,70.097439
3139.647222,70.097439
3139.843056,70.097439
3139.877222,71.065277
3140.090556,71.065277
3140.160556,70.097439
3140.379444,70.097439
3140.591944,70.097439
3140.657778,71.065277
3140.705,70.097439
3141.306111,70.097439
3141.381111,70.097439
3141.609167,70.097439
3141.681944,70.097439
3141.8725,70.097439
3142.091111,70.097439
3142.16,70.097439
3142.339444,70.097439
3142.578611,70.097439
3142.659722,70.097439
3142.702778,70.097439
3143.259722,70.097439
3143.349444,70.097439
3143.576944,71.065277
3143.665556,71.065277
3143.868333,71.065277
3144.098611,71.065277
3144.148611,71.065277
3144.169722,71.065277
3144.361667,71.065277
3144.596111,71.065277
3144.648611,71.065277
3144.695556,72.033116
3145.301389,71.065277
3145.361389,71.065277
3145.574444,71.065277
3145.634167,71.065277
3145.831389,71.065277
3145.856944,71.065277
3146.0875,70.097439
3146.141111,70.097439
3146.246111,70.097439
3146.313056,71.065277
3146.341944,71.065277
3146.578611,71.065277
3146.681667,71.065277
3147.141389,70.097439
3147.339167,70.097439
3147.3675,70.097439
3147.585,71.065277
3147.637222,70.097439
3147.824167,70.097439
3147.848333,70.097439
3148.071111,70.097439
3148.143333,71.065277
3148.330556,70.097439
3148.354722,70.097439
3148.579167,70.097439
3148.632778,70.097439
3148.706667,71.065277
3149.323611,70.097439
3149.387222,70.097439
3149.606667,71.065277
3149.638611,71.065277
3149.820278,70.097439
3149.844167,70.097439
3150.067222,70.097439
3150.1425,70.097439
3150.348611,71.065277
3150.376667,71.065277
3150.598889,70.097439
3150.650833,70.097439
3150.693889,70.097439
3151.302222,70.097439
3151.357222,71.065277
3151.574722,70.097439
3151.631111,70.097439
3151.816667,71.065277
3151.876944,71.065277
3152.108611,71.065277
3152.170833,70.097439
3152.367778,70.097439
3152.583333,71.065277
3152.639722,71.065277
3152.6875,71.065277
3153.285278,70.097439
3153.373056,70.097439
3153.599722,70.097439
3153.655833,70.097439
3153.854167,71.065277
3153.882222,70.097439
3154.108333,71.065277
3154.140556,71.065277
3154.344722,70.097439
3154.369167,70.097439
3154.581389,71.065277
3154.644444,70.097439
3154.691944,70.097439
3155.277778,70.097439
3155.353056,71.065277
3155.534722,70.097439
3155.644722,70.097439
3155.836389,70.097439
3155.860556,70.097439
3156.099722,71.065277
3156.1575,70.097439
3156.345833,70.097439
3156.375,70.097439
3156.602778,70.097439
3156.659722,70.097439
3156.706944,70.097439
3157.315,70.097439
3157.372222,70.097439
3157.609167,71.065277
3157.668333,70.097439
3157.873889,70.097439
3158.119722,70.097439
3158.175556,71.065277
3158.381111,70.097439
3158.603056,70.097439
3158.684167,70.097439
3159.143333,70.097439
3159.346389,70.097439
3159.361389,70.097439
3159.371111,70.097439
3159.591667,70.097439
3159.647222,70.097439
3159.834722,71.065277
3159.8675,71.065277
3160.109722,70.097439
3160.174167,70.097439
3160.359167,71.065277
3160.602778,71.065277
3160.661944,70.097439
3160.709722,70.097439
3161.346111,71.065277
3161.370278,70.097439
3161.5475,70.097439
3161.631944,70.097439
3161.691944,70.097439
3161.853333,71.065277
3162.126111,70.097439
3162.21,71.065277
3162.391944,70.097439
3162.611389,70.097439
3162.650556,70.097439
3162.702778,70.097439
3163.325556,70.097439
3163.376111,70.097439
3163.591111,70.097439
3163.658056,70.097439
3163.848056,70.097439
3163.889167,70.097439
3164.136389,70.097439
3164.170278,70.097439
3164.359722,70.097439
3164.587778,70.097439
3164.659722,70.097439
3164.7225,70.097439
3165.328056,71.065277
3165.383056,70.097439
3165.621111,70.097439
3165.677222,70.097439
3165.878333,70.097439
3166.14,70.097439
3166.196667,70.097439
3166.374722,71.065277
3166.618333,70.097439
3166.692778,70.097439
3167.152222,70.097439
3167.214444,70.097439
3167.373889,70.097439
3167.398056,70.097439
3167.644722,70.097439
3167.673333,70.097439
3167.875556,70.097439
3168.13,70.097439
3168.190556,70.097439
3168.383333,70.097439
3168.63,70.097439
3168.707778,70.097439
3169.145278,70.097439
3169.358889,71.065277
3169.387778,71.065277
3169.604722,70.097439
3169.633056,70.097439
3169.832778,70.097439
3169.884444,70.097439
3170.1075,71.065277
3170.136944,71.065277
3170.333056,70.097439
3170.361389,70.097439
3170.595,70.097439
3170.650556,70.097439
3170.694722,70.097439
3171.308056,70.097439
3171.373611,70.097439
3171.611389,70.097439
3171.675278,70.097439
3171.873333,70.097439
3172.113056,70.097439
3172.172778,70.097439
3172.383056,70.097439
3172.596667,70.097439
3172.639722,70.097439
3172.683056,70.097439
3173.284722,70.097439
3173.351944,70.097439
3173.568611,70.097439
3173.66,70.097439
3173.860556,70.097439
3174.078056,70.097439
3174.147222,70.097439
3174.310556,70.097439
3174.348611,70.097439
3174.363889,70.097439
3174.52,70.097439
3174.643056,70.097439
3174.686389,71.065277
3175.278611,70.097439
3175.3725,70.097439
3175.578333,70.097439
3175.655556,70.097439
3175.833056,71.065277
3175.8725,70.097439
3176.091111,70.097439
3176.163889,70.097439
3176.355,70.097439
3176.483611,70.097439
3176.592778,70.097439
3176.679722,70.097439
3177.296389,70.097439
3177.358056,70.097439
3177.5375,70.097439
3177.655556,70.097439
3177.840278,70.097439
3177.879722,70.097439
3178.096944,70.097439
3178.165556,70.097439
3178.352778,70.097439
3178.582778,70.097439
3178.680278,70.097439
3179.118056,70.097439
3179.315,71.065277
3179.386111,70.097439
3179.627778,70.097439
3179.660556,70.097439
3179.845556,70.097439
3180.063889,70.097439
3180.1425,70.097439
3180.336111,70.097439
3180.364444,70.097439
3180.591667,70.097439
3180.660278,70.097439
3180.703611,70.097439
3181.314444,70.097439
3181.365278,70.097439
3181.613056,70.097439
3181.668056,70.097439
3181.85,70.097439
3182.076944,70.097439
3182.136667,70.097439
3182.316944,70.097439
3182.341667,70.097439
3182.560556,70.097439
3182.635278,70.097439
3182.679722,70.097439
3183.253056,70.097439
3183.360556,70.097439
3183.583333,70.097439
3183.639167,70.097439
3183.821944,70.097439
3183.850833,70.097439
3184.080833,70.097439
3184.166667,70.097439
3184.3675,70.097439
3184.599444,70.097439
3184.651111,70.097439
3184.698611,70.097439
3185.2875,70.097439
3185.37,70.097439
3185.606389,70.097439
3185.661667,70.097439
3185.836389,70.097439
3186.083889,70.097439
3186.154167,70.097439
3186.335556,70.097439
3186.368333,70.097439
3186.595833,70.097439
3186.683056,70.097439
3187.104167,70.097439
3187.287222,70.097439
3187.350833,70.097439
3187.630833,70.097439
3187.690278,70.097439
3187.859722,70.097439
3188.089167,70.097439
3188.146667,70.097439
3188.348056,70.097439
3188.385278,70.097439
3188.627222,70.097439
3188.652222,70.097439
3188.696667,70.097439
3189.306944,70.097439
3189.358611,70.097439
3189.575,70.097439
3189.588889,70.097439
3189.660278,70.097439
3189.848056,70.097439
3190.093056,70.097439
3190.176389,70.097439
3190.361111,70.097439
3190.6175,70.097439
3190.691667,70.097439
3191.144444,70.097439
3191.323889,70.097439
3191.348333,70.097439
3191.578611,70.097439
3191.65,70.097439
3191.763889,70.097439
3191.8425,70.097439
3191.867222,70.097439
3192.105833,70.097439
3192.160833,70.097439
3192.357778,70.097439
3192.581111,70.097439
3192.640278,70.097439
3192.683333,70.097439
3193.265,70.097439
3193.335556,70.097439
3193.510278,70.097439
3193.651389,70.097439
3193.849444,70.097439
3193.874167,70.097439
3194.116111,70.097439
3194.167778,70.097439
3194.349167,70.097439
3194.595833,70.097439
3194.648333,70.097439
3194.691944,70.097439
3195.266111,70.097439
3195.344722,70.097439
3195.536667,70.097439
3195.653889,70.097439
3195.829167,70.097439
3195.854722,70.097439
3196.084444,70.097439
3196.160278,70.097439
3196.340556,70.097439
3196.364722,70.097439
3196.592778,70.097439
3196.643611,70.097439
3196.6875,70.097439
3197.269722,70.097439
3197.348333,70.097439
3197.528333,70.097439
3197.643611,70.097439
3197.8425,70.097439
3197.866944,70.097439
3198.106667,70.097439
3198.166944,70.097439
3198.35,70.097439
3198.537222,70.097439
3198.6525,70.097439
3198.695556,70.097439
3199.273333,70.097439
3199.359444,70.097439
3199.591111,70.097439
3199.643611,70.097439
3199.8425,70.097439
3199.870556,70.097439
3200.094722,70.097439
3200.153889,70.097439
3200.330833,70.097439
3200.355,70.097439
3200.597222,70.097439
3200.691667,70.097439
3201.121944,70.097439
3201.308611,70.097439
3201.363333,70.097439
3201.593611,70.097439
3201.645833,70.097439
3201.835556,70.097439
3201.860556,70.097439
3202.106944,70.097439
3202.158056,70.097439
3202.345,70.097439
3202.374167,70.097439
3202.593611,70.097439
3202.652222,70.097439
3202.695556,70.097439
3203.298611,70.097439
3203.372222,70.097439
3203.600278,70.097439
3203.659722,70.097439
3203.851389,70.097439
3204.091389,70.097439
3204.167222,70.097439
3204.361389,70.097439
3204.598611,70.097439
3204.613611,70.097439
3204.65,70.097439
3204.693889,70.097439
3205.288889,70.097439
3205.364444,70.097439
3205.544444,70.097439
3205.634444,70.097439
3205.834167,70.097439
3205.858056,70.097439
3206.099722,70.097439
3206.150833,70.097439
3206.337778,70.097439
3206.361944,70.097439
3206.578333,70.097439
3206.630556,70.097439
3206.704167,70.097439
3206.971111,70.097439
3207.246111,70.097439
3207.357778,70.097439
3207.583333,70.097439
3207.648889,70.097439
3207.843056,70.097439
3207.871389,70.097439
3208.095556,70.097439
3208.146944,70.097439
3208.327778,70.097439
3208.356667,70.097439
3208.586944,70.097439
3208.638056,70.097439
3208.681111,70.097439
3209.271667,70.097439
3209.368889,70.097439
3209.598333,70.097439
3209.658889,70.097439
3209.847778,70.097439
3209.871944,70.097439
3210.103889,70.097439
3210.155,70.097439
3210.347222,70.097439
3210.371389,70.097439
3210.600833,70.097439
3210.651667,70.097439
3210.706944,70.097439
3211.276667,70.097439
3211.3475,70.097439
3211.578333,70.097439
3211.652778,70.097439
3211.846944,70.097439
3211.871111,70.097439
3212.11,70.097439
3212.162222,70.097439
3212.359444,70.097439
3212.580556,70.097439
3212.631667,70.097439
3212.68,70.097439
3213.278333,70.097439
3213.373056,70.097439
3213.584167,70.097439
3213.644167,70.097439
3213.824444,70.097439
3213.848611,70.097439
3214.100278,70.097439
3214.180833,70.097439
3214.374167,70.097439
3214.611111,70.097439
3214.686111,70.097439
3215.133611,70.097439
3215.316389,70.097439
3215.340833,70.097439
3215.589444,70.097439
3215.661944,70.097439
3215.845556,70.097439
3216.073056,70.097439
3216.149444,70.097439
3216.354167,70.097439
3216.378333,70.097439
3216.595556,70.097439
3216.650556,70.097439
3216.693889,70.097439
3217.284444,70.097439
3217.355,70.097439
3217.596111,70.097439
3217.666944,70.097439
3217.855,70.097439
3218.075,70.097439
3218.1475,70.097439
3218.326667,70.097439
3218.350833,70.097439
3218.575556,70.097439
3218.658333,70.097439
3218.701389,70.097439
3219.287222,70.097439
3219.346944,70.097439
3219.509722,70.097439
3219.635,70.097439
3219.814722,70.097439
3219.844722,70.097439
3220.068056,70.097439
3220.083056,70.097439
3220.144167,70.097439
3220.315833,70.097439
3220.340278,70.097439
3220.566667,70.097439
3220.642778,70.097439
3220.686111,70.097439
3221.252222,70.097439
3221.348333,70.097439
3221.518056,70.097439
3221.636389,70.097439
3221.818889,70.097439
3221.843056,70.097439
3222.067778,70.097439
3222.1425,70.097439
3222.244444,70.097439
3222.322778,70.097439
3222.347778,70.097439
3222.571111,70.097439
3222.649722,70.097439
3222.693611,70.097439
3223.2575,70.097439
3223.364444,70.097439
3223.541944,70.097439
3223.643056,70.097439
3223.833611,70.097439
3223.858056,70.097439
3224.093889,70.097439
3224.148889,70.097439
3224.339722,70.097439
3224.363889,70.097439
3224.5875,70.097439
3224.646667,69.1296
3224.692778,69.1296
3225.291667,70.097439
3225.366667,70.097439
3225.584444,70.097439
3225.640278,70.097439
3225.809444,70.097439
3225.833889,70.097439
3226.001667,70.097439
3227.266944,70.097439
3227.716111,70.097439
3227.886111,69.1296
3228.125833,69.1296
3228.151389,69.1296
3228.344444,69.1296
3228.369167,69.1296
3228.580278,70.097439
3228.631111,69.1296
3228.705,69.1296
3229.249167,70.097439
3229.340833,70.097439
3229.565833,70.097439
3229.646944,70.097439
3229.834167,70.097439
3229.864167,70.097439
3230.081111,69.1296
3230.146667,69.1296
3230.333056,70.097439
3230.358056,70.097439
3230.581944,69.1296
3230.633889,70.097439
3230.681111,70.097439
3231.294722,70.097439
3231.383333,70.097439
3231.602222,70.097439
3231.6625,70.097439
3231.841944,70.097439
3232.071111,70.097439
3232.141667,70.097439
3232.331111,70.097439
3232.36,70.097439
3232.574722,69.1296
3232.634444,69.1296
3232.678611,69.1296
3233.263611,70.097439
3233.358333,70.097439
3233.577222,69.1296
3233.636944,69.1296
3233.81,70.097439
3233.835,70.097439
3234.062778,70.097439
3234.176111,70.097439
3234.349722,70.097439
3234.577778,70.097439
3234.653333,70.097439
3234.696667,70.097439
3235.256389,70.097439
3235.335278,70.097439
3235.348889,70.097439
3235.537222,70.097439
3235.649444,70.097439
3235.816944,69.1296
3235.841111,69.1296
3236.055,70.097439
3236.129722,70.097439
3236.315278,70.097439
3236.366111,70.097439
3236.591111,70.097439
3236.641944,70.097439
3236.693056,69.1296
3237.270556,70.097439
3237.366667,70.097439
3237.480833,70.097439
3237.594444,70.097439
3237.656944,70.097439
3237.854444,69.1296
3237.891389,69.1296
3238.1075,70.097439
3238.131667,70.097439
3238.328333,70.097439
3238.379167,70.097439
3238.619722,70.097439
3238.691111,70.097439
3239.120556,69.1296
3239.302778,70.097439
3239.354722,70.097439
3239.586667,70.097439
3239.6625,70.097439
3239.838056,70.097439
3240.061944,70.097439
3240.133889,70.097439
3240.322778,69.1296
3240.347778,69.1296
3240.566944,70.097439
3240.65,70.097439
3240.693056,70.097439
3241.276111,70.097439
3241.326944,69.1296
3241.51,69.1296
3241.646667,70.097439
3241.844722,69.1296
3241.871389,69.1296
3242.110556,70.097439
3242.165556,69.1296
3242.359722,70.097439
3242.581667,70.097439
3242.632778,70.097439
3242.703056,70.097439
3243.234444,70.097439
3243.325833,70.097439
3243.513889,69.1296
3243.648333,69.1296
3243.8275,70.097439
3243.851389,70.097439
3244.058333,70.097439
3244.134167,70.097439
3244.309444,70.097439
3244.334722,70.097439
3244.560833,70.097439
3244.6325,70.097439
3244.711389,70.097439
3245.284167,70.097439
3245.355556,70.097439
3245.537778,70.097439
3245.649444,70.097439
3245.823333,70.097439
3245.847222,70.097439
3246.068889,70.097439
3246.139444,70.097439
3246.320833,70.097439
3246.345,70.097439
3246.558056,70.097439
3246.632778,70.097439
3246.7025,70.097439
3247.223889,70.097439
3247.336667,69.1296
3247.520556,69.1296
3247.656944,70.097439
3247.833333,70.097439
3247.858333,70.097439
3248.085833,69.1296
3248.156111,69.1296
3248.323611,69.1296
3248.3475,70.097439
3248.586389,70.097439
3248.657222,70.097439
3248.700278,70.097439
3249.265,70.097439
3249.344722,70.097439
3249.523333,70.097439
3249.628333,70.097439
3249.814167,70.097439
3249.869444,70.097439
3250.111389,70.097439
3250.1625,70.097439
3250.331667,70.097439
3250.505,70.097439
3250.603889,70.097439
3250.635278,70.097439
3250.679444,70.097439
3251.243333,70.097439
3251.337778,70.097439
3251.5125,70.097439
3251.6525,70.097439
3251.826944,70.097439
3251.851111,70.097439
3252.063333,70.097439
3252.139167,70.097439
3252.339444,70.097439
3252.364167,70.097439
3252.6075,70.097439
3252.658333,70.097439
3252.701667,70.097439
3252.955278,70.097439
3253.293889,70.097439
3253.348889,69.1296
3253.571944,70.097439
3253.646111,70.097439
3253.823333,70.097439
3253.847222,70.097439
3254.073889,70.097439
3254.144722,70.097439
3254.328889,70.097439
3254.356944,70.097439
3254.569444,69.1296
3254.641111,70.097439
3254.688333,70.097439
3255.311667,70.097439
3255.3625,70.097439
3255.538611,70.097439
3255.628333,70.097439
3255.811389,70.097439
3255.863056,70.097439
3256.088056,70.097439
3256.144444,70.097439
3256.325556,70.097439
3256.353611,70.097439
3256.573056,70.097439
3256.6475,70.097439
3256.690556,70.097439
3257.271667,70.097439
3257.341944,70.097439
3257.536944,70.097439
3257.653889,69.1296
3257.844722,70.097439
3257.869722,70.097439
3258.076389,70.097439
3258.127222,70.097439
3258.321944,70.097439
3258.377222,70.097439
3258.589167,70.097439
3258.64,70.097439
3258.683333,70.097439
3259.287778,70.097439
3259.3625,70.097439
3259.572778,70.097439
3259.624444,70.097439
3259.814722,70.097439
3259.866389,70.097439
3260.093611,69.1296
3260.145278,70.097439
3260.319444,70.097439
3260.344444,70.097439
3260.53,70.097439
3260.636667,70.097439
3260.679722,70.097439
3261.245833,70.097439
3261.34,70.097439
3261.516111,70.097439
3261.628333,70.097439
3261.798889,70.097439
3261.849722,70.097439
3262.073611,70.097439
3262.156389,70.097439
3262.326944,70.097439
3262.355278,70.097439
3262.564722,69.1296
3262.643056,69.1296
3262.686389,70.097439
3263.262222,70.097439
3263.36,70.097439
3263.540278,70.097439
3263.642778,70.097439
3263.8375,69.1296
3263.861667,69.1296
3264.079444,70.097439
3264.130278,69.1296
3264.303056,69.1296
3264.328333,69.1296
3264.504722,70.097439
3264.630556,70.097439
3264.700278,69.1296
3265.236111,69.1296
3265.362222,69.1296
3265.530278,69.1296
3265.622778,69.1296
3265.818056,70.097439
3265.873889,70.097439
3266.085833,70.097439
3266.106944,70.097439
3266.166944,70.097439
3266.346944,70.097439
3266.583056,70.097439
3266.653889,70.097439
3266.696944,70.097439
3267.279722,70.097439
3267.331667,70.097439
3267.51,70.097439
3267.6425,70.097439
3267.819444,70.097439
3267.847778,70.097439
3268.0725,70.097439
3268.142778,70.097439
3268.246111,70.097439
3268.315556,70.097439
3268.340556,70.097439
3268.517778,70.097439
3268.634722,70.097439
3268.681944,70.097439
3269.273333,70.097439
3269.343889,70.097439
3269.515,70.097439
3269.629722,70.097439
3269.806389,70.097439
3269.857222,70.097439
3270.09,70.097439
3270.140833,69.1296
3270.315556,69.1296
3270.339722,69.1296
3270.509167,70.097439
3270.621667,69.1296
3270.692222,69.1296
3271.232222,70.097439
3271.361111,70.097439
3271.580278,69.1296
3271.6475,69.1296
3271.824167,70.097439
3271.848889,70.097439
3272.078611,70.097439
3272.165,69.1296
3272.341667,70.097439
3272.572222,70.097439
3272.650833,69.1296
3272.701944,70.097439
3273.342778,70.097439
3273.366667,70.097439
3273.582778,70.097439
3273.634722,70.097439
3273.822778,69.1296
3273.848611,69.1296
3274.101667,70.097439
3274.176111,70.097439
3274.348333,70.097439
3274.577778,69.1296
3274.652222,69.1296
3274.699722,69.1296
3275.278056,69.1296
3275.348611,69.1296
3275.576944,70.097439
3275.669722,70.097439
3275.844444,70.097439
3276.069722,70.097439
3276.144444,70.097439
3276.323611,70.097439
3276.351667,70.097439
3276.581389,70.097439
3276.651944,70.097439
3276.703333,70.097439
3277.247778,69.1296
3277.347222,70.097439
3277.533056,70.097439
3277.653611,70.097439
3277.852222,70.097439
3277.877222,70.097439
3278.1125,70.097439
3278.163611,69.1296
3278.378889,69.1296
3278.622778,70.097439
3278.692778,70.097439
3279.125556,69.1296
3279.333611,70.097439
3279.386111,70.097439
3279.615556,70.097439
3279.643889,70.097439
3279.83,70.097439
3279.854167,70.097439
3280.114167,69.1296
3280.184444,70.097439
3280.365556,69.1296
3280.594722,70.097439
3280.654722,70.097439
3280.705833,69.1296
3281.292222,70.097439
3281.372222,70.097439
3281.413889,70.097439
3281.636944,70.097439
3281.693611,70.097439
3281.848889,70.097439
3282.085833,70.097439
3282.161111,70.097439
3282.375,70.097439
3282.619444,70.097439
3282.69,70.097439
3283.168889,70.097439
3283.353056,70.097439
3283.462778,70.097439
3283.590278,70.097439
3283.661389,70.097439
3283.886389,70.097439
3284.134722,69.1296
3284.166944,69.1296
3284.361944,69.1296
3284.647778,70.097439
3284.691944,70.097439
3285.146667,70.097439
3285.283333,70.097439
3285.334167,70.097439
3285.519722,69.1296
3285.638333,69.1296
3285.835833,69.1296
3285.86,69.1296
3286.09,70.097439
3286.141667,70.097439
3286.311667,70.097439
3286.340556,70.097439
3286.555,69.1296
3286.626944,69.1296
3286.697222,69.1296
3287.254444,70.097439
3287.328889,69.1296
3287.517778,69.1296
3287.654722,69.1296
3287.840833,69.1296
3287.865,69.1296
3288.098611,70.097439
3288.150278,70.097439
3288.3425,70.097439
3288.366389,70.097439
3288.593889,70.097439
3288.6575,70.097439
3288.700278,70.097439
3289.278889,70.097439
3289.357222,70.097439
3289.523611,70.097439
3289.633611,70.097439
3289.804444,70.097439
3289.855556,70.097439
3290.080833,70.097439
3290.151389,70.097439
3290.338611,70.097439
3290.366667,70.097439
3290.593056,70.097439
3290.645,70.097439
3290.688056,70.097439
3291.265278,70.097439
3291.343056,70.097439
3291.533611,70.097439
3291.659167,70.097439
3291.846111,70.097439
3291.870833,70.097439
3292.101389,70.097439
3292.156667,70.097439
3292.352222,70.097439
3292.376944,70.097439
3292.604444,70.097439
3292.659167,70.097439
3292.7025,70.097439
3293.300278,70.097439
3293.355556,70.097439
3293.5825,70.097439
3293.661111,70.097439
3293.850278,69.1296
3294.076389,70.097439
3294.151944,69.1296
3294.333056,70.097439
3294.357222,70.097439
3294.5975,70.097439
3294.648333,70.097439
3294.691667,70.097439
3295.287778,70.097439
3295.340278,70.097439
3295.516944,70.097439
3295.621111,70.097439
3295.803889,70.097439
3295.858611,70.097439
3296.079722,70.097439
3296.162222,70.097439
3296.343611,70.097439
3296.368889,70.097439
3296.578056,70.097439
3296.620556,70.097439
3296.630278,70.097439
3296.706389,70.097439
3297.241944,70.097439
3297.374167,70.097439
3297.595833,70.097439
3297.651667,70.097439
3297.826944,70.097439
3297.855,70.097439
3298.085833,70.097439
3298.137222,70.097439
3298.319722,70.097439
3298.347778,70.097439
3298.564444,70.097439
3298.635,70.097439
3298.682222,70.097439
3298.923611,70.097439
3299.274167,70.097439
3299.378611,70.097439
3299.599167,70.097439
3299.655,70.097439
3299.831389,70.097439
3299.859722,70.097439
3300.093611,70.097439
3300.149167,70.097439
3300.341111,70.097439
3300.365278,70.097439
3300.608889,70.097439
3300.683889,70.097439
3301.096667,70.097439
3301.286389,69.1296
3301.427222,70.097439
3301.737778,70.097439
3301.905278,70.097439
3302.218333,70.097439
3302.404722,70.097439
3302.639167,70.097439
3302.717778,70.097439
3303.252222,70.097439
3303.446667,70.097439
3303.633889,70.097439
3303.845278,69.1296
3303.915,69.1296
3304.158611,70.097439
3304.353333,70.097439
3304.381667,70.097439
3304.591944,70.097439
3304.686389,70.097439
3305.125556,70.097439
3305.311389,70.097439
3305.390833,70.097439
3305.618611,70.097439
3305.642778,70.097439
3305.849444,70.097439
3305.873611,70.097439
3306.129167,69.1296
3306.200278,70.097439
3306.411389,70.097439
3306.709167,70.097439
3307.219167,70.097439
3307.387778,70.097439
3307.602778,69.1296
3307.646667,69.1296
3307.834167,70.097439
3307.873611,70.097439
3308.095833,70.097439
3308.193889,70.097439
3308.380278,70.097439
3308.589444,70.097439
3308.68,70.097439
3309.113333,69.1296
3309.317222,70.097439
3309.382778,70.097439
3309.596944,70.097439
3309.664722,70.097439
3309.866389,70.097439
3310.102778,69.1296
3310.165,69.1296
3310.359444,70.097439
3310.577222,70.097439
3310.651944,70.097439
3310.695,70.097439
3311.291944,69.1296
3311.358333,69.1296
3311.573611,69.1296
3311.643889,70.097439
3311.823611,70.097439
3311.863056,70.097439
3312.075278,70.097439
3312.090556,70.097439
3312.146111,70.097439
3312.349722,70.097439
3312.388333,70.097439
3312.604167,69.1296
3312.647222,69.1296
3312.691389,70.097439
3313.252778,70.097439
3313.377222,70.097439
3313.590278,69.1296
3313.657778,69.1296
3313.854444,70.097439
3313.902222,70.097439
3314.126111,70.097439
3314.164722,70.097439
3314.278611,70.097439
3314.3575,69.1296
3314.581944,70.097439
3314.653333,70.097439
3314.700278,69.1296
3315.2675,70.097439
3315.353611,70.097439
3315.564722,69.1296
3315.654444,69.1296
3315.846389,69.1296
3315.885556,69.1296
3316.107778,70.097439
3316.144722,69.1296
3316.334167,69.1296
3316.377778,69.1296
3316.605556,70.097439
3316.682778,70.097439
3317.108056,70.097439
3317.280278,70.097439
3317.341111,69.1296
3317.531389,69.1296
3317.654167,70.097439
3317.847778,70.097439
3317.876944,69.1296
3318.12,69.1296
3318.176389,69.1296
3318.359722,69.1296
3318.590278,69.1296
3318.646111,69.1296
3318.693333,69.1296
3319.243056,70.097439
3319.355556,70.097439
3319.584167,70.097439
3319.64,70.097439
3319.834167,70.097439
3319.858333,70.097439
3320.077778,70.097439
3320.1375,70.097439
3320.322778,69.1296
3320.351389,69.1296
3320.588056,69.1296
3320.679722,69.1296
3321.125,70.097439
3321.304167,69.1296
3321.365278,69.1296
3321.551111,69.1296
3321.6525,69.1296
3321.866389,69.1296
3321.891111,69.1296
3322.130278,69.1296
3322.164444,69.1296
3322.353611,69.1296
3322.568611,69.1296
3322.645278,69.1296
3322.688333,69.1296
3322.747222,69.1296
3323.282778,69.1296
3323.369722,69.1296
3323.599444,70.097439
3323.661667,70.097439
3323.849167,70.097439
3324.076944,69.1296
3324.150278,69.1296
3324.3475,69.1296
3324.376667,69.1296
3324.6025,69.1296
3324.655833,69.1296
3324.703056,69.1296
3325.3,69.1296
3325.351389,69.1296
3325.585833,69.1296
3325.657778,69.1296
3325.851389,69.1296
3325.875556,69.1296
3326.103889,69.1296
3326.163611,69.1296
3326.3475,69.1296
3326.518611,69.1296
3326.629722,69.1296
3326.700833,69.1296
3327.299722,69.1296
3327.372222,69.1296
3327.415833,69.1296
3327.586111,70.097439
3327.648611,70.097439
3327.816667,70.097439
3327.850278,70.097439
3328.087778,70.097439
3328.1675,70.097439
3328.350833,70.097439
3328.53,70.097439
3328.6475,69.1296
3328.695,69.1296
3329.291667,70.097439
3329.368056,70.097439
3329.481111,70.097439
3329.555278,69.1296
3329.654444,69.1296
3329.843889,69.1296
3329.867778,69.1296
3330.094167,69.1296
3330.158611,69.1296
3330.345556,69.1296
3330.370556,69.1296
3330.5925,69.1296
3330.648333,69.1296
3330.695278,69.1296
3331.251944,69.1296
3331.346389,69.1296
3331.5675,69.1296
3331.645,69.1296
3331.838611,69.1296
3331.862778,69.1296
3332.103333,69.1296
3332.160556,69.1296
3332.3575,70.097439
3332.605556,70.097439
3332.681389,69.1296
3333.119167,69.1296
3333.314444,69.1296
3333.365833,69.1296
3333.590556,69.1296
3333.658611,69.1296
3333.849444,69.1296
3333.886389,69.1296
3334.1175,70.097439
3334.141667,69.1296
3334.331667,70.097439
3334.356944,70.097439
3334.578889,69.1296
3334.651111,70.097439
3334.695,70.097439
3335.279444,69.1296
3335.351944,69.1296
3335.576389,69.1296
3335.659167,69.1296
3335.839722,69.1296
3335.8675,69.1296
3336.098889,69.1296
3336.150556,69.1296
3336.349167,69.1296
3336.373333,69.1296
3336.588611,69.1296
3336.640278,69.1296
3336.683333,69.1296
3337.257222,69.1296
3337.364444,69.1296
3337.611111,69.1296
3337.663333,69.1296
3337.845278,70.097439
3338.073056,70.097439
3338.1525,70.097439
3338.329444,69.1296
3338.373333,69.1296
3338.590556,69.1296
3338.650278,69.1296
3338.697222,69.1296
3339.278889,69.1296
3339.330556,69.1296
3339.518611,69.1296
3339.675556,69.1296
3339.856111,69.1296
3340.0975,69.1296
3340.153056,69.1296
3340.3325,69.1296
3340.356667,69.1296
3340.568611,69.1296
3340.646944,69.1296
3340.691389,69.1296
3341.298333,69.1296
3341.357778,69.1296
3341.6,69.1296
3341.655556,69.1296
3341.843889,70.097439
3341.868056,70.097439
3342.098611,69.1296
3342.154167,69.1296
3342.329722,69.1296
3342.354722,69.1296
3342.578611,69.1296
3342.5975,69.1296
3342.644444,70.097439
3342.688611,69.1296
3343.249167,70.097439
3343.354444,69.1296
3343.526111,69.1296
3343.640833,69.1296
3343.8425,69.1296
3343.8675,69.1296
3344.094167,69.1296
3344.146944,69.1296
3344.335556,69.1296
3344.359444,69.1296
3344.595,70.097439
3344.6475,69.1296
3344.690833,69.1296
3344.964167,69.1296
3345.272222,69.1296
3345.344444,69.1296
3345.534167,69.1296
3345.660556,69.1296
3345.85,69.1296
3345.878889,69.1296
3346.095833,69.1296
3346.16,69.1296
3346.345556,69.1296
3346.559444,69.1296
3346.634722,69.1296
3346.678889,69.1296
3347.266944,69.1296
3347.34,69.1296
3347.516667,69.1296
3347.630556,69.1296
3347.821667,69.1296
3347.878889,69.1296
3348.086111,69.1296
3348.138611,69.1296
3348.318889,68.161761
3348.343056,68.161761
3348.5175,69.1296
3348.635833,69.1296
3348.683333,69.1296
3349.276389,69.1296
3349.35,69.1296
3349.538333,69.1296
3349.638333,70.097439
3349.82,69.1296
3349.848056,69.1296
3350.071944,69.1296
3350.147222,69.1296
3350.345,69.1296
3350.377222,69.1296
3350.602222,69.1296
3350.658056,69.1296
3350.701389,69.1296
3351.2425,69.1296
3351.369167,69.1296
3351.586944,68.161761
3351.646667,69.1296
3351.825,68.161761
3351.849167,68.161761
3352.064167,69.1296
3352.1475,69.1296
3352.334444,69.1296
3352.363611,69.1296
3352.590833,70.097439
3352.643889,69.1296
3352.693611,69.1296
3353.269167,69.1296
3353.363889,69.1296
3353.576944,69.1296
3353.628333,69.1296
3353.921389,69.1296
3354.153056,69.1296
3354.343889,69.1296
3354.368056,69.1296
3354.612222,69.1296
3354.683333,69.1296
3355.088611,69.1296
3355.266389,69.1296
3355.337778,68.161761
3355.561667,68.161761
3355.653889,69.1296
3355.843333,69.1296
3355.872222,69.1296
3356.090278,69.1296
3356.147222,69.1296
3356.3325,69.1296
3356.356667,69.1296
3356.582222,69.1296
3356.658889,69.1296
3356.702778,69.1296
3357.288889,69.1296
3357.365278,69.1296
3357.596389,69.1296
3357.651111,69.1296
3357.818889,69.1296
3357.835278,69.1296
3357.861944,69.1296
3358.095556,69.1296
3358.164167,69.1296
3358.366667,69.1296
3358.592778,69.1296
3358.648611,69.1296
3358.695833,69.1296
3359.2925,70.097439
3359.367778,70.097439
3359.603611,69.1296
3359.659444,69.1296
3359.844722,69.1296
3359.868889,69.1296
3359.995556,69.1296
3360.114722,69.1296
3360.171389,69.1296
3360.365278,69.1296
3360.588611,69.1296
3360.641111,69.1296
3360.684444,69.1296
3361.286667,69.1296
3361.37,69.1296
3361.584167,69.1296
3361.648889,69.1296
3361.831944,69.1296
3361.860278,69.1296
3362.096944,69.1296
3362.154722,69.1296
3362.346944,69.1296
3362.371389,68.161761
3362.596389,69.1296
3362.652222,69.1296
3362.696667,69.1296
3363.325556,69.1296
3363.386389,69.1296
3363.620833,68.161761
3363.645556,68.161761
3363.845278,69.1296
3363.869444,69.1296
3364.1175,69.1296
3364.169444,69.1296
3364.367778,69.1296
3364.581389,68.161761
3364.636944,68.161761
3364.688333,68.161761
3365.259167,69.1296
3365.368056,69.1296
3365.590833,69.1296
3365.6425,69.1296
3365.834722,69.1296
3365.858889,69.1296
3366.070278,68.161761
3366.122222,68.161761
3366.294444,69.1296
3366.346111,69.1296
3366.516111,69.1296
3366.631944,69.1296
3366.683056,69.1296
3367.286944,69.1296
3367.361111,69.1296
3367.592778,69.1296
3367.646944,69.1296
3367.835,70.097439
3367.860278,70.097439
3368.139167,69.1296
3368.207778,69.1296
3368.371111,70.097439
3368.695278,69.1296
3369.329444,70.097439
3369.474722,69.1296
3369.636667,69.1296
3369.828889,69.1296
3369.857778,69.1296
3370.096389,69.1296
3370.153611,69.1296
3370.343056,69.1296
3370.367222,69.1296
3370.601111,69.1296
3370.654167,69.1296
3370.6975,69.1296
3371.239167,69.1296
3371.333889,68.161761
3371.528889,69.1296
3371.6325,69.1296
3371.823056,69.1296
3371.875,69.1296
3372.098333,70.097439
3372.15,70.097439
3372.339444,69.1296
3372.364167,69.1296
3372.609444,69.1296
3372.618889,70.097439
3372.6925,70.097439
3373.113889,70.097439
3373.32,69.1296
3373.373056,69.1296
3373.598056,69.1296
3373.66,69.1296
3373.844167,70.097439
3374.070833,70.097439
3374.151944,70.097439
3374.3375,70.097439
3374.365556,70.097439
3374.578056,69.1296
3374.635278,69.1296
3374.6875,69.1296
3374.942222,69.1296
3375.258611,69.1296
3375.367778,69.1296
3375.586111,69.1296
3375.638889,70.097439
3375.823333,70.097439
3375.847222,70.097439
3376.086944,70.097439
3376.163056,70.097439
3376.588611,70.097439
3376.680556,70.097439
3377.223889,69.1296
3377.430833,69.1296
3377.677778,69.1296
3377.957778,69.1296
3378.304722,70.097439
3378.495556,70.097439
3378.751111,70.097439
3379.699722,69.1296
3380.263611,69.1296
3381.743333,69.1296
3382.855556,69.1296
3383.483333,69.1296
3383.979444,69.1296
3384.37,70.097439
3384.528333,70.097439
3384.760833,70.097439
3385.684444,69.1296
3386.103056,69.1296
3386.241667,69.1296
3386.361944,69.1296
3386.609722,69.1296
3386.714167,69.1296
3387.264444,69.1296
3387.682222,70.097439
3387.918333,69.1296
3388.196389,69.1296
3388.413611,69.1296
3388.689167,69.1296
3389.311944,70.097439
3389.435278,70.097439
3389.521389,70.097439
3389.776944,70.097439
3390.099167,69.1296
3390.371944,69.1296
3390.61,70.097439
3390.75,70.097439
3391.475556,69.1296
3391.753889,69.1296
3391.79,69.1296
3391.980833,69.1296
3392.2825,70.097439
3392.466944,69.1296
3392.686111,69.1296
3393.623889,69.1296
3393.846111,69.1296
3393.985278,69.1296
3394.304722,69.1296
3394.442222,69.1296
3394.719444,70.097439
3395.41,69.1296
3395.668611,70.097439
3396.076944,69.1296
3396.241667,69.1296
3396.398889,69.1296
3396.680833,69.1296
3397.300833,69.1296
3397.4975,69.1296
3397.685278,69.1296
3398.071944,69.1296
3398.195556,70.097439
3398.4275,69.1296
3398.695278,69.1296
3399.18,69.1296
3399.386111,70.097439
3399.620833,69.1296
3399.645,69.1296
3399.870556,68.161761
3399.895556,69.1296
3400.154722,69.1296
3400.18,69.1296
3400.411944,70.097439
3400.691389,69.1296
3401.205833,69.1296
3401.411944,69.1296
3401.673889,69.1296
3401.857222,70.097439
3402.143611,69.1296
3402.226667,69.1296
3402.396111,69.1296
3402.679722,69.1296
3403.158889,69.1296
3403.357222,70.097439
3403.397222,69.1296
3403.686389,69.1296
3403.950833,69.1296
3404.17,69.1296
3404.358889,69.1296
3404.618056,69.1296
3404.703333,69.1296
3404.909444,69.1296
3405.146389,69.1296
3405.324444,69.1296
3405.352778,69.1296
3405.6175,69.1296
3405.689444,69.1296
3405.863611,69.1296
3406.085278,70.097439
3406.138333,69.1296
3406.331389,70.097439
3406.355556,70.097439
3406.572222,70.097439
3406.646389,70.097439
3406.690556,70.097439
3406.971667,70.097439
3407.349722,69.1296
3407.402222,69.1296
3407.666667,70.097439
3407.895,69.1296
3408.164444,69.1296
3408.384722,69.1296
3408.611944,68.161761
3408.6375,69.1296
3408.685,70.097439
3409.365278,69.1296
3409.417778,69.1296
3409.6675,69.1296
3409.886389,69.1296
3410.159444,69.1296
3410.188611,69.1296
3410.414444,70.097439
3410.657778,70.097439
3410.700833,70.097439
3411.319444,69.1296
3411.371944,69.1296
3411.638333,69.1296
3411.690833,69.1296
3411.883611,69.1296
3412.164167,70.097439
3412.225556,70.097439
3412.410278,70.097439
3412.686667,69.1296
3413.206667,69.1296
3413.384444,69.1296
3413.643611,69.1296
3413.678889,69.1296
3413.888056,69.1296
3414.153056,70.097439
3414.187222,70.097439
3414.372222,69.1296
3414.591944,69.1296
3414.659167,70.097439
3414.702778,70.097439
3415.406944,71.065277
3415.44,70.097439
3415.713611,71.065277
3415.949722,71.065277
3416.191667,71.065277
3416.422778,70.097439
3416.706667,70.097439
3417.248889,70.097439
3417.364167,70.097439
3417.59,70.097439
3417.643333,70.097439
3417.8325,70.097439
3417.856389,70.097439
3418.077778,70.097439
3418.130278,70.097439
3418.326389,70.097439
3418.378889,70.097439
3418.597222,70.097439
3418.689444,70.097439
3419.102222,70.097439
3419.294722,70.097439
3419.356389,70.097439
3419.593056,71.065277
3419.666667,71.065277
3419.873889,71.065277
3419.903333,71.065277
3420.177222,71.065277
3420.356667,70.097439
3420.539444,71.065277
3420.653889,71.065277
3420.696944,71.065277
3421.3225,70.097439
3421.404722,71.065277
3421.648333,71.065277
3421.681389,71.065277
3421.923056,71.065277
3422.075833,71.065277
3422.157778,72.033116
3422.345,70.097439
3422.383889,70.097439
3422.588056,71.065277
3422.656111,71.065277
3422.703333,71.065277
3423.269722,71.065277
3423.356667,70.097439
3423.552778,71.065277
3423.667778,71.065277
3423.855556,70.097439
3424.082222,71.065277
3424.167778,71.065277
3424.372222,70.097439
3424.595,71.065277
3424.746389,71.065277
3425.085556,72.033116
3425.259167,72.033116
3425.337222,71.065277
3425.525833,71.065277
3425.630556,71.065277
3425.814444,71.065277
3425.8675,71.065277
3426.088333,71.065277
3426.141389,71.065277
3426.345833,71.065277
3426.37,71.065277
3426.580556,71.065277
3426.637222,71.065277
3426.689444,71.065277
3427.296667,71.065277
3427.369444,71.065277
3427.596111,70.097439
3427.648611,70.097439
3427.838889,71.065277
3427.871667,72.033116
3428.105278,71.065277
3428.158056,71.065277
3428.346944,71.065277
3428.371111,71.065277
3428.598889,71.065277
3428.653333,71.065277
3428.696389,72.033116
3429.264722,72.033116
3429.363611,71.065277
3429.581667,71.065277
3429.638889,71.065277
3429.833333,71.065277
3429.858611,71.065277
3430.080556,71.065277
3430.133889,72.033116
3430.334167,71.065277
3430.3625,71.065277
3430.608333,71.065277
3430.679722,72.033116
3431.141944,71.065277
3431.337778,72.033116
3431.361944,72.033116
3431.673056,71.065277
3431.907222,71.065277
3432.224722,71.065277
3432.411111,71.065277
3432.706389,71.065277
3433.223333,71.065277
3433.431111,70.097439
3433.703889,71.065277
3433.907222,71.065277
3434.174722,71.065277
3434.368333,71.065277
3434.641667,71.065277
3434.684722,71.065277
3435.201389,71.065277
3435.381944,71.065277
3435.399444,71.065277
3435.682778,71.065277
3435.882222,72.033116
3436.179722,71.065277
3436.396389,72.033116
3436.644444,71.065277
3436.688056,71.065277
3437.135,71.065277
3437.375556,72.033116
3437.401111,72.033116
3437.598056,72.033116
3437.693333,71.065277
3437.896389,72.033116
3438.161111,71.065277
3438.362222,72.033116
3438.679722,73.000955
3439.148333,73.000955
3439.364722,73.000955
3439.393056,73.000955
3439.645833,73.000955
3439.671111,73.000955
3439.868889,73.000955
3440.140556,73.000955
3440.199167,73.000955
3440.373333,73.000955
3440.623611,73.000955
3440.695833,73.000955
3441.202222,73.968793
3441.437778,74.936632
3441.702778,75.904471
3441.933056,76.87231
3442.154722,73.000955
3442.233889,72.033116
3442.3975,73.000955
3442.449444,73.000955
3442.5025,73.000955
3442.568889,73.000955
3442.651944,73.000955
3442.761111,73.968793
3443.455833,73.000955
3443.694722,73.000955
3443.878056,73.968793
3444.136944,73.968793
3444.190556,73.968793
3444.380278,73.968793
3444.621667,73.000955
3444.694167,73.000955
3445.214167,73.968793
3445.403889,73.968793
3445.639167,73.968793
3445.664167,73.968793
3445.844167,73.968793
3446.071667,73.968793
3446.149444,73.968793
3446.325278,74.936632
3446.349444,74.936632
3446.555556,74.936632
3446.627778,73.968793
3446.699167,73.968793
3447.237222,73.968793
3447.368333,73.968793
3447.549722,73.968793
3447.636111,73.968793
3447.8425,73.968793
3447.8675,73.968793
3448.111389,73.968793
3448.164167,73.968793
3448.341944,73.968793
3448.517778,73.968793
3448.630278,74.936632
3448.702222,74.936632
3449.237778,74.936632
3449.329722,73.968793
3449.511389,73.968793
3449.640833,73.968793
3449.81,74.936632
3449.840556,74.936632
3450.073056,74.936632
3450.1475,73.968793
3450.342222,73.968793
3450.371389,73.968793
3450.583611,74.936632
3450.631944,74.936632
3450.641667,74.936632
3450.694722,74.936632
3451.305,74.936632
3451.361944,74.936632
3451.583889,74.936632
3451.636389,74.936632
3451.816944,73.968793
3451.841111,73.968793
3452.086667,74.936632
3452.161667,74.936632
3452.351389,73.968793
3452.381111,73.968793
3452.609444,74.936632
3452.634722,74.936632
3452.694167,73.968793
3452.975,73.968793
3453.295556,73.968793
3453.348056,74.936632
3453.6025,74.936632
3453.683889,73.968793
3453.879167,74.936632
3454.1175,74.936632
3454.180833,74.936632
3454.386944,74.936632
3454.640278,73.968793
3454.683333,73.968793
3455.137778,73.968793
3455.330833,73.968793
3455.359167,73.968793
3455.578889,73.968793
3455.631667,73.968793
3455.859167,73.968793
3455.9125,73.968793
3456.201944,73.968793
3456.416389,73.968793
3456.682778,73.968793
3457.140278,73.968793
3457.333056,73.968793
3457.369444,73.968793
3457.619444,73.968793
3457.674167,73.968793
3457.898889,73.000955
3458.167778,73.000955
3458.383056,73.000955
3458.651389,73.968793
3458.698611,73.968793
3459.223611,73.000955
3459.4125,73.000955
3459.669167,73.000955
3459.884167,73.000955
3460.1525,73.000955
3460.206389,73.000955
3460.397778,73.000955
3460.682778,73.000955
3461.2025,73.000955
3461.401944,73.968793
3461.693333,73.000955
3461.914444,73.000955
3462.200556,73.000955
3462.395833,73.000955
3462.66,73.000955
3462.704167,73.000955
3463.372778,73.000955
3463.403889,73.000955
3463.658611,73.000955
3463.691667,73.000955
3463.911667,73.000955
3464.206389,73.000955
3464.410278,73.000955
3464.636944,73.000955
3464.68,73.000955
3465.225278,73.000955
3465.366944,73.000955
3465.584444,73.000955
3465.651667,73.000955
3465.823056,73.000955
3465.863056,73.000955
3466.104444,73.000955
3466.147778,73.000955
3466.166944,73.000955
3466.378611,73.000955
3466.588611,73.000955
3466.650556,73.000955
3466.693611,73.000955
3467.211389,73.000955
3467.328889,73.000955
3467.509444,73.000955
3467.641389,73.000955
3467.826111,73.000955
3467.854167,73.000955
3468.071389,73.000955
3468.153889,73.000955
3468.263056,73.000955
3468.335556,73.000955
3468.360833,73.000955
3468.624444,73.000955
3468.703889,73.000955
3469.140278,73.000955
3469.313056,73.000955
3469.341389,73.000955
3469.518056,73.000955
3469.628056,73.000955
3469.815,73.000955
3469.871667,73.000955
3470.100833,73.000955
3470.155278,73.000955
3470.353056,73.000955
3470.3775,73.000955
3470.620556,73.000955
3470.705833,73.000955
3471.1425,73.000955
3471.321944,73.000955
3471.36,73.000955
3471.584167,73.000955
3471.661667,73.000955
3471.859167,73.000955
3472.080833,73.000955
3472.153056,73.000955
3472.340833,73.000955
3472.377778,73.000955
3472.588889,73.000955
3472.694722,73.000955
3473.18,73.000955
3473.385278,73.000955
3473.620833,73.000955
3473.667778,73.000955
3473.870833,73.000955
3474.121944,73.000955
3474.166667,73.000955
3474.346667,73.000955
3474.516944,73.000955
3474.645833,73.000955
3474.721667,73.000955
3475.351389,73.000955
3475.389722,72.033116
3475.626389,73.000955
3475.662222,73.000955
3475.8625,73.000955
3475.901111,73.000955
3476.1425,73.000955
3476.167222,73.000955
3476.341667,73.000955
3476.531667,73.000955
3476.651944,73.000955
3476.730278,73.000955
3477.356111,73.000955
3477.382778,73.000955
3477.620278,72.033116
3477.653611,72.033116
3477.874722,73.000955
3477.908889,73.000955
3478.155833,72.033116
3478.18,72.033116
3478.377778,73.000955
3478.635,73.000955
3478.689722,72.033116
3479.158333,73.000955
3479.324722,73.000955
3479.378889,73.000955
3479.619167,72.033116
3479.675,72.033116
3479.864444,73.000955
3480.138333,73.000955
3480.191944,72.033116
3480.346389,72.033116
3480.577778,73.000955
3480.655278,73.000955
3480.7025,73.000955
3481.361111,73.000955
3481.385278,73.000955
3481.651389,72.033116
3481.675556,72.033116
3481.862222,72.033116
3482.119444,72.033116
3482.174722,72.033116
3482.355556,73.000955
3482.5975,73.000955
3482.650556,73.000955
3482.694722,73.000955
3483.299444,73.000955
3483.351944,73.000955
3483.599444,72.033116
3483.680556,72.033116
3483.901667,72.033116
3484.143056,72.033116
3484.167778,72.033116
3484.363333,73.000955
3484.616667,73.000955
3484.692222,73.000955
3485.138611,72.033116
3485.350278,73.000955
3485.374444,73.000955
3485.601667,72.033116
3485.654444,72.033116
3485.8525,72.033116
3485.876667,72.033116
3486.104722,73.000955
3486.161667,73.000955
3486.354722,72.033116
3486.378889,72.033116
3486.608611,72.033116
3486.685,72.033116
3487.100556,72.033116
3487.301111,72.033116
3487.353889,72.033116
3487.528333,72.033116
3487.64,72.033116
3487.828056,72.033116
3487.852222,72.033116
3488.07,72.033116
3488.152778,72.033116
3488.350556,72.033116
3488.374722,72.033116
3488.602778,72.033116
3488.6825,72.033116
3489.106667,73.000955
3489.304167,72.033116
3489.377222,72.033116
3489.592778,72.033116
3489.649444,72.033116
3489.8575,72.033116
3489.882778,72.033116
3490.116389,72.033116
3490.141111,72.033116
3490.325278,72.033116
3490.3525,72.033116
3490.573333,72.033116
3490.627778,72.033116
3490.702778,72.033116
3491.277778,72.033116
3491.370833,72.033116
3491.608889,72.033116
3491.666111,72.033116
3491.864167,72.033116
3492.101111,72.033116
3492.161667,72.033116
3492.351389,71.065277
3492.5675,72.033116
3492.646667,72.033116
3492.713056,72.033116
3493.365278,72.033116
3493.391944,72.033116
3493.631667,72.033116
3493.668889,72.033116
3493.868611,72.033116
3494.119722,72.033116
3494.174722,72.033116
3494.370278,71.065277
3494.600278,71.065277
3494.657778,71.065277
3494.736667,72.033116
3495.374722,72.033116
3495.409444,71.065277
3495.671389,71.065277
3495.863056,72.033116
3496.121944,72.033116
3496.184444,72.033116
3496.400833,72.033116
3496.645278,72.033116
3496.716111,72.033116
3497.196944,71.065277
3497.395556,71.065277
3497.649444,72.033116
3497.693889,72.033116
3497.93,72.033116
3498.189722,72.033116
3498.401111,72.033116
3498.718333,72.033116
3499.195556,72.033116
3499.395556,72.033116
3499.650556,71.065277
3499.693056,71.065277
3499.896389,71.065277
3500.124722,72.033116
3500.161944,72.033116
3500.353333,72.033116
3500.385278,72.033116
3500.698056,72.033116
3501.183611,71.065277
3501.372222,72.033116
3501.418611,72.033116
3501.613889,71.065277
3501.667222,72.033116
3501.869722,71.065277
3502.100833,72.033116
3502.153333,71.065277
3502.355,72.033116
3502.383333,72.033116
3502.623611,71.065277
3502.647778,71.065277
3502.708889,72.033116
3503.321944,72.033116
3503.346944,72.033116
3503.463611,72.033116
3503.587778,71.065277
3503.661667,72.033116
3503.855,72.033116
3504.118333,71.065277
3504.1925,71.065277
3504.368333,71.065277
3504.617778,72.033116
3504.694167,72.033116
3505.169444,71.065277
3505.375833,71.065277
3505.624722,71.065277
3505.677222,71.065277
3505.855278,71.065277
3506.080278,71.065277
3506.156389,71.065277
3506.356389,71.065277
3506.381389,71.065277
3506.6175,71.065277
3506.694722,71.065277
3507.159167,71.065277
3507.361667,71.065277
3507.385833,71.065277
3507.636944,70.097439
3507.665278,71.065277
3507.850278,71.065277
3508.121944,72.033116
3508.196111,71.065277
3508.371389,71.065277
3508.6025,71.065277
3508.655278,71.065277
3508.698333,71.065277
3509.343611,71.065277
3509.368611,71.065277
3509.629444,71.065277
3509.682222,71.065277
3509.887778,71.065277
3510.1325,71.065277
3510.156667,71.065277
3510.344167,71.065277
3510.372222,71.065277
3510.62,71.065277
3510.6975,71.065277
3511.160278,71.065277
3511.355278,71.065277
3511.581944,71.065277
3511.655,72.033116
3511.839444,71.065277
3511.864167,71.065277
3512.095556,71.065277
3512.148333,71.065277
3512.356389,71.065277
3512.380556,71.065277
3512.606111,71.065277
3512.659722,71.065277
3512.704444,71.065277
3513.308333,71.065277
3513.360833,71.065277
3513.595278,70.097439
3513.647778,71.065277
3513.708333,71.065277
3513.860833,71.065277
3513.885,70.097439
3514.123333,71.065277
3514.148889,71.065277
3514.345278,71.065277
3514.369444,71.065277
3514.599444,71.065277
3514.6525,71.065277
3514.709444,71.065277
3515.319722,70.097439
3515.3725,70.097439
3515.591111,71.065277
3515.653611,71.065277
3515.8275,71.065277
3515.868889,71.065277
3516.100556,71.065277
3516.168333,71.065277
3516.374167,71.065277
3516.609444,71.065277
3516.691389,70.097439
3517.164167,71.065277
3517.3525,71.065277
3517.539444,71.065277
3517.649722,70.097439
3517.838333,70.097439
3517.880556,70.097439
3518.131111,71.065277
3518.168056,71.065277
3518.369444,71.065277
3518.614722,71.065277
3518.733333,71.065277
3519.230833,71.065277
3519.422778,71.065277
3519.631667,70.097439
3519.8325,70.097439
3519.885,70.097439
3520.13,70.097439
3520.155556,70.097439
3520.3425,70.097439
3520.370833,70.097439
3520.604167,71.065277
3520.657778,71.065277
3520.716111,71.065277
3521.401111,70.097439
3521.454722,70.097439
3521.742778,70.097439
3521.9,70.097439
3522.171111,70.097439
3522.3475,71.065277
3522.618611,71.065277
3522.744167,71.065277
3523.240833,71.065277
3523.458611,71.065277
3523.66,70.097439
3523.848889,70.097439
3524.095,71.065277
3524.162778,71.065277
3524.373333,71.065277
3524.601667,70.097439
3524.655278,70.097439
3524.708611,70.097439
3525.343889,70.097439
3525.691944,70.097439
3525.873056,71.065277
3526.123056,70.097439
3526.176667,70.097439
3526.380833,71.065277
3526.623056,70.097439
3526.709722,70.097439
3527.175833,70.097439
3527.360278,70.097439
3527.589722,71.065277
3527.643333,71.065277
3527.828056,71.065277
3527.855,70.097439
3528.131944,71.065277
3528.184444,71.065277
3528.390556,71.065277
3528.642778,70.097439
3528.686111,70.097439
3529.123333,71.065277
3529.317222,70.097439
3529.373611,70.097439
3529.618056,71.065277
3529.672222,70.097439
3529.857222,70.097439
3530.109167,71.065277
3530.161667,71.065277
3530.36,70.097439
3530.583056,71.065277
3530.641389,71.065277
3530.694167,70.097439
3531.300833,70.097439
3531.368889,70.097439
3531.626944,70.097439
3531.692778,70.097439
3531.904722,71.065277
3532.1525,70.097439
3532.185278,70.097439
3532.378611,71.065277
3532.613333,71.065277
3532.686111,71.065277
3533.141389,70.097439
3533.341111,71.065277
3533.380556,71.065277
3533.551944,71.065277
3533.663056,70.097439
3533.877222,70.097439
3534.133056,70.097439
3534.186667,70.097439
3534.383056,70.097439
3534.611111,70.097439
3534.690556,70.097439
3535.167222,70.097439
3535.361667,70.097439
3535.609167,71.065277
3535.664167,70.097439
3535.875833,71.065277
3536.128056,71.065277
3536.186667,70.097439
3536.377778,71.065277
3536.611389,71.065277
3536.683611,70.097439
3536.725,70.097439
3537.122222,71.065277
3537.316389,70.097439
3537.369722,71.065277
3537.601389,71.065277
3537.655,71.065277
3537.846944,70.097439
3537.872222,71.065277
3538.110833,71.065277
3538.165278,71.065277
3538.393611,71.065277
3538.616389,71.065277
3538.643333,71.065277
3538.704167,71.065277
3538.985833,71.065277
3539.324722,70.097439
3539.349167,71.065277
3539.537778,70.097439
3539.672222,70.097439
3539.853611,70.097439
3540.095,70.097439
3540.163889,70.097439
3540.369167,70.097439
3540.6125,70.097439
3540.694444,70.097439
3541.161944,71.065277
3541.391111,70.097439
3541.446667,71.065277
3541.683889,70.097439
3541.884722,70.097439
3542.142778,70.097439
3542.234722,70.097439
3542.485833,70.097439
3542.696389,70.097439
3543.249167,70.097439
3543.49,70.097439
3543.713056,70.097439
3543.865,70.097439
3544.089167,70.097439
3544.163333,70.097439
3544.740556,70.097439
3545.384444,70.097439
3545.473889,70.097439
3545.721111,70.097439
3545.869167,70.097439
3546.13,70.097439
3546.243056,70.097439
3546.4625,70.097439
3546.696111,70.097439
3547.1775,70.097439
3547.411944,70.097439
3547.665278,70.097439
3547.876667,70.097439
3548.1575,70.097439
3548.259722,70.097439
3548.507222,70.097439
3548.687778,70.097439
3549.183889,70.097439
3549.380556,71.065277
3549.636944,70.097439
3549.694444,70.097439
3549.917778,70.097439
3550.161389,70.097439
3550.374167,70.097439
3550.638889,70.097439
3550.715,70.097439
3551.200556,70.097439
3551.369167,70.097439
3551.601111,70.097439
3551.654167,70.097439
3551.862778,70.097439
3551.897778,70.097439
3552.150833,70.097439
3552.163611,71.065277
3552.379167,71.065277
3552.621389,71.065277
3552.693056,70.097439
3553.132778,70.097439
3553.323333,71.065277
3553.39,71.065277
3553.616111,71.065277
3553.640278,71.065277
3553.828889,70.097439
3553.857222,70.097439
3554.090556,70.097439
3554.143333,70.097439
3554.256389,70.097439
3554.336667,70.097439
3554.361667,70.097439
3554.595556,70.097439
3554.648889,70.097439
3554.6925,70.097439
3555.310556,70.097439
3555.363611,70.097439
3555.593889,70.097439
3555.646944,70.097439
3555.847222,70.097439
3555.871667,70.097439
3556.115556,70.097439
3556.168889,70.097439
3556.370833,70.097439
3556.5925,70.097439
3556.645833,70.097439
3556.689167,70.097439
3557.271111,70.097439
3557.354722,70.097439
3557.550833,70.097439
3557.68,70.097439
3557.869167,70.097439
3558.125833,70.097439
3558.1875,70.097439
3558.363333,70.097439
3558.586944,70.097439
3558.640556,70.097439
3558.683611,70.097439
3559.3075,70.097439
3559.364722,70.097439
3559.591667,70.097439
3559.644444,70.097439
3559.828889,70.097439
3559.855556,70.097439
3560.094167,70.097439
3560.1825,70.097439
3560.351111,70.097439
3560.582222,70.097439
3560.658611,70.097439
3560.704167,70.097439
3561.309444,70.097439
3561.371389,70.097439
3561.618333,70.097439
3561.678056,70.097439
3561.875278,70.097439
3562.13,70.097439
3562.224167,70.097439
3562.4375,70.097439
3562.655278,70.097439
3562.7125,70.097439
3563.298889,70.097439
3563.351389,70.097439
3563.591944,70.097439
3563.669167,70.097439
3563.860278,70.097439
3564.1,70.097439
3564.156667,70.097439
3564.355556,70.097439
3564.388333,70.097439
3565.454722,70.097439
3565.672222,71.065277
3565.722778,70.097439
3565.952222,70.097439
3566.230278,70.097439
3566.389722,70.097439
3566.684167,70.097439
3567.1875,70.097439
3567.415,70.097439
3567.655,70.097439
3567.837222,70.097439
3567.933333,70.097439
3568.184444,70.097439
3568.392778,70.097439
3568.679444,71.065277
3569.114722,70.097439
3569.313611,70.097439
3569.377778,71.065277
3569.618611,71.065277
3569.681111,71.065277
3569.796111,71.065277
3569.876111,70.097439
3570.162778,70.097439
3570.345,70.097439
3570.593611,70.097439
3570.690278,70.097439
3571.154444,70.097439
3571.35,70.097439
3571.374167,70.097439
3571.631944,70.097439
3571.684444,70.097439
3571.916111,70.097439
3572.150278,70.097439
3572.341944,70.097439
3572.366944,70.097439
3572.6375,70.097439
3572.680556,70.097439
3573.167778,70.097439
3573.370556,70.097439
3573.630556,70.097439
3573.683611,70.097439
3573.888056,70.097439
3574.143056,70.097439
3574.171667,70.097439
3574.391389,70.097439
3574.631667,70.097439
3574.656667,70.097439
3574.703889,70.097439
3575.277222,71.065277
3575.350278,70.097439
3575.578056,70.097439
3575.6525,70.097439
3575.835278,70.097439
3575.859444,70.097439
3576.110556,70.097439
3576.163333,70.097439
3576.379167,70.097439
3576.588333,70.097439
3576.641667,70.097439
3576.685278,71.065277
3577.309722,70.097439
3577.371667,70.097439
3577.608333,70.097439
3577.660833,70.097439
3577.865833,70.097439
3578.114722,71.065277
3578.168611,70.097439
3578.360556,70.097439
3578.584722,70.097439
3578.637222,70.097439
3578.680278,70.097439
3579.320556,70.097439
3579.380556,70.097439
3579.618889,70.097439
3579.672778,70.097439
3579.851111,70.097439
3580.086111,70.097439
3580.173611,70.097439
3580.352778,70.097439
3580.599722,70.097439
3580.695556,70.097439
3581.119444,70.097439
3581.319167,70.097439
3581.371667,70.097439
3581.603611,70.097439
3581.660833,70.097439
3581.840556,70.097439
3582.080833,70.097439
3582.160833,70.097439
3582.350278,70.097439
3582.573333,70.097439
3582.651389,70.097439
3582.666389,70.097439
3582.695,70.097439
3583.282222,70.097439
3583.379444,70.097439
3583.631944,70.097439
3583.813611,70.097439
3584.078333,70.097439
3584.1975,70.097439
3584.349722,70.097439
3584.578056,70.097439
3584.654444,70.097439
3584.6975,70.097439
3584.968333,70.097439
3585.299722,70.097439
3585.353333,70.097439
3585.601389,70.097439
3585.695278,70.097439
3585.872222,70.097439
3586.095,70.097439
3586.15,70.097439
3586.342778,70.097439
3586.371944,70.097439
3586.602222,70.097439
3586.655,70.097439
3586.699167,70.097439
3587.286944,70.097439
3587.343611,70.097439
3587.679167,70.097439
3587.8525,70.097439
3588.081389,70.097439
3588.167222,70.097439
3588.354722,70.097439
3588.580833,70.097439
3588.680833,70.097439
3589.120833,70.097439
3589.313056,70.097439
3589.371111,70.097439
3589.644167,70.097439
3589.677778,70.097439
3589.86,70.097439
3590.100556,70.097439
3590.155556,70.097439
3590.336944,70.097439
3590.369722,70.097439
3590.615556,70.097439
3590.695278,70.097439
3591.136389,70.097439
3591.318333,70.097439
3591.3425,70.097439
3591.557778,70.097439
3591.633889,70.097439
3591.817222,70.097439
3591.870833,70.097439
3592.123611,70.097439
3592.176667,70.097439
3592.3625,70.097439
3592.614444,70.097439
3592.705,70.097439
3593.191667,70.097439
3593.3925,70.097439
3593.634722,70.097439
3593.6725,70.097439
3593.871944,70.097439
3594.094444,70.097439
3594.148056,70.097439
3594.328056,70.097439
3594.357778,70.097439
3594.589722,70.097439
3594.646667,70.097439
3594.703889,70.097439
3595.308611,70.097439
3595.365,70.097439
3595.585833,70.097439
3595.638333,70.097439
3595.828056,70.097439
3595.8525,70.097439
3596.0875,70.097439
3596.163889,70.097439
3596.349722,70.097439
3596.578611,70.097439
3596.658889,70.097439
3596.711111,70.097439
3597.3125,70.097439
3597.365,70.097439
3597.600556,70.097439
3597.655278,70.097439
3597.848333,70.097439
3597.8725,70.097439
3597.898056,70.097439
3598.123056,70.097439
3598.185278,70.097439
3598.364444,70.097439
3598.591111,70.097439
3598.644444,70.097439
3598.688056,70.097439
3599.302778,70.097439
3599.356389,70.097439
3599.608333,70.097439
3599.665278,70.097439
3599.860278,70.097439
3599.977778,70.097439
3600.095833,70.097439
3600.148889,70.097439
3600.337778,70.097439
3600.361944,70.097439
3600.6325,70.097439
3600.703889,70.097439
3601.162222,70.097439
3601.349167,70.097439
3601.578611,70.097439
3601.686389,70.097439
3601.885,70.097439
3602.116667,70.097439
3602.149167,70.097439
3602.334167,70.097439
3602.358333,70.097439
3602.605,70.097439
3602.678889,70.097439
3603.177222,70.097439
3603.353056,70.097439
3603.5525,70.097439
3603.673611,70.097439
3603.858611,70.097439
3604.075833,70.097439
3604.128611,70.097439
3604.322778,70.097439
3604.375278,70.097439
3604.602222,70.097439
3604.656667,70.097439
3604.701111,70.097439
3605.303611,70.097439
3605.361389,70.097439
3605.584167,70.097439
3605.645278,70.097439
3605.825278,70.097439
3605.849167,70.097439
3606.080278,70.097439
3606.158056,70.097439
3606.346944,70.097439
3606.371389,70.097439
3606.5975,70.097439
3606.654444,70.097439
3606.7025,70.097439
3607.291944,70.097439
3607.348056,70.097439
3607.573889,70.097439
3607.652778,70.097439
3607.834444,70.097439
3607.863611,70.097439
3608.078889,70.097439
3608.1325,70.097439
3608.310278,70.097439
3608.334167,70.097439
3608.516111,70.097439
3608.658056,70.097439
3608.705278,70.097439
3609.32,70.097439
3609.373333,70.097439
3609.613889,70.097439
3609.6675,70.097439
3609.890278,70.097439
3610.138611,70.097439
3610.162778,70.097439
3610.374722,70.097439
3610.617778,70.097439
3610.69,70.097439
3611.125,70.097439
3611.300556,70.097439
3611.386111,70.097439
3611.665,70.097439
3611.935556,70.097439
3612.180278,70.097439
3612.376389,70.097439
3612.588056,70.097439
3612.631389,70.097439
3612.648333,70.097439
3612.696111,70.097439
3613.382222,70.097439
3613.459167,70.097439
3613.837778,70.097439
3613.978056,70.097439
3614.176389,70.097439
3614.360833,70.097439
3614.587778,70.097439
3614.642778,70.097439
3614.685833,70.097439
3614.934444,70.097439
3615.271389,70.097439
3615.381667,70.097439
3615.624167,70.097439
3615.648333,70.097439
3615.858611,70.097439
3615.886667,70.097439
3616.119722,70.097439
3616.143889,70.097439
3616.333056,70.097439
3616.357778,70.097439
3616.603333,69.1296
3616.681389,70.097439
3617.119722,70.097439
3617.320556,70.097439
3617.378611,70.097439
3617.628056,70.097439
3617.684444,70.097439
3617.8675,70.097439
3618.113333,70.097439
3618.165833,70.097439
3618.349444,70.097439
3618.596389,70.097439
3618.700556,70.097439
3619.126111,70.097439
3619.321667,70.097439
3619.374444,70.097439
3619.599444,70.097439
3619.661111,70.097439
3619.858056,70.097439
3620.098611,70.097439
3620.164444,70.097439
3620.345556,70.097439
3620.574444,70.097439
3620.631667,70.097439
3620.681944,70.097439
3621.288056,70.097439
3621.365,70.097439
3621.634444,70.097439
3621.692778,70.097439
3621.873056,70.097439
3622.113611,70.097439
3622.175278,70.097439
3622.386389,70.097439
3622.654722,70.097439
3622.707222,70.097439
3623.109722,70.097439
3623.315556,70.097439
3623.372778,70.097439
3623.612778,70.097439
3623.671944,70.097439
3623.8875,70.097439
3624.150833,70.097439
3624.180278,70.097439
3624.374722,70.097439
3624.605278,70.097439
3624.6875,70.097439
3625.138056,70.097439
3625.327778,70.097439
3625.360556,70.097439
3625.580833,70.097439
3625.638056,70.097439
3625.821944,70.097439
3625.851111,70.097439
3626.080278,70.097439
3626.1675,70.097439
3626.367778,70.097439
3626.609722,70.097439
3626.686111,70.097439
3627.122778,70.097439
3627.340278,70.097439
3627.3975,70.097439
3627.655833,70.097439
3627.692778,70.097439
3627.873611,70.097439
3627.894722,70.097439
3628.115556,70.097439
3628.1775,70.097439
3628.355,70.097439
3628.598611,70.097439
3628.659722,70.097439
3628.707778,70.097439
3629.339444,70.097439
3629.369444,70.097439
3629.610278,70.097439
3629.671667,70.097439
3629.872222,70.097439
3629.994722,70.097439
3630.119444,70.097439
3630.178611,70.097439
3630.366944,70.097439
3630.599167,70.097439
3630.656389,70.097439
3630.705278,70.097439
3631.285278,70.097439
3631.343056,70.097439
3631.544444,70.097439
3631.669722,70.097439
3631.868611,70.097439
3632.108333,70.097439
3632.166389,69.1296
3632.354444,70.097439
3632.619167,70.097439
3632.649167,70.097439
3632.699444,70.097439
3633.315278,70.097439
3633.380556,70.097439
3633.624167,70.097439
3633.653333,70.097439
3633.841111,70.097439
3633.87,70.097439
3634.124722,70.097439
3634.181944,70.097439
3634.382778,70.097439
3634.616944,70.097439
3634.650556,70.097439
3634.703333,70.097439
3635.339722,70.097439
3635.372778,70.097439
3635.622222,70.097439
3635.679722,70.097439
3635.871111,69.1296
3636.116111,70.097439
3636.174722,70.097439
3636.396944,70.097439
3637.755,70.097439
3637.86,70.097439
3638.078611,70.097439
3638.291111,70.097439
3638.481389,69.1296
3638.571944,70.097439
3638.778611,70.097439
3638.803611,70.097439
3638.972778,70.097439
3638.996667,70.097439
3639.243611,70.097439
3639.295833,70.097439
3639.367778,70.097439
3639.924722,70.097439
3640.063056,70.097439
3640.233889,70.097439
3640.258889,70.097439
3640.436111,70.097439
3640.507222,70.097439
3640.755,70.097439
3640.8075,70.097439
3640.986111,70.097439
3641.053333,70.097439
3641.239444,70.097439
3641.263333,70.097439
3641.353611,70.097439
3641.914444,70.097439
3642.071944,70.097439
3642.2725,70.097439
3642.2975,70.097439
3642.471389,70.097439
3642.523889,70.097439
3642.777778,70.097439
3642.802778,70.097439
3642.979444,70.097439
3643.006944,70.097439
3643.063056,70.097439
3643.229722,70.097439
3643.284444,70.097439
3643.358611,70.097439
3643.937222,70.097439
3644.073889,70.097439
3644.248889,70.097439
3644.273611,70.097439
3644.465278,70.097439
3644.561944,70.097439
3644.770556,70.097439
3644.794444,70.097439
3644.968611,70.097439
3645.062778,70.097439
3645.171111,70.097439
3645.250278,70.097439
3645.279167,70.097439
3645.3525,70.097439
3645.905278,70.097439
3646.070556,70.097439
3646.271111,70.097439
3646.295,70.097439
3646.492778,70.097439
3646.582778,70.097439
3646.777222,70.097439
3646.976944,70.097439
3647.072222,70.097439
3647.261944,70.097439
3647.286111,70.097439
3647.357222,70.097439
3647.893333,70.097439
3648.058611,70.097439
3648.236389,70.097439
3648.260556,70.097439
3648.451944,70.097439
3648.564444,70.097439
3648.752222,70.097439
3648.776667,70.097439
3648.97,70.097439
3649.070278,70.097439
3649.248611,70.097439
3649.273056,70.097439
3649.350278,70.097439
3649.913611,70.097439
3650.088611,70.097439
3650.271944,70.097439
3650.4575,70.097439
3650.510833,70.097439
3650.743611,70.097439
3650.796667,70.097439
3650.972222,70.097439
3651.067778,70.097439
3651.249722,70.097439
3651.274722,70.097439
3651.346667,70.097439
3651.886944,70.097439
3652.006944,70.097439
3652.240833,70.097439
3652.265556,70.097439
3652.450556,70.097439
3652.523889,70.097439
3652.748889,70.097439
3652.775556,70.097439
3652.960833,70.097439
3653.061944,70.097439
3653.275556,70.097439
3653.300556,70.097439
3653.38,70.097439
3653.930278,70.097439
3654.073611,70.097439
3654.266111,70.097439
3654.291111,70.097439
3654.483333,70.097439
3654.586389,70.097439
3654.774444,70.097439
3654.965833,70.097439
3655.064444,70.097439
3655.257222,70.097439
3655.282222,70.097439
3655.354167,70.097439
3655.896667,70.097439
3656.061389,70.097439
3656.256389,70.097439
3656.280556,70.097439
3656.465,70.097439
3656.524167,70.097439
3656.755,70.097439
3656.783889,70.097439
3656.9575,70.097439
3657.060833,70.097439
3657.243889,70.097439
3657.272778,70.097439
3657.346389,70.097439
3657.891944,70.097439
3658.063611,70.097439
3658.245,70.097439
3658.273056,70.097439
3658.464167,70.097439
3658.5175,70.097439
3658.736944,70.097439
3658.761111,70.097439
3658.940278,70.097439
3659.060833,70.097439
3659.241389,70.097439
3659.265278,70.097439
3659.355833,70.097439
3659.910833,70.097439
3660.052778,70.097439
3660.244722,70.097439
3660.273611,70.097439
3660.460833,70.097439
3660.565833,70.097439
3660.745833,70.097439
3660.77,70.097439
3660.951944,70.097439
3661.068611,70.097439
3661.256111,70.097439
3661.280833,70.097439
3661.353056,70.097439
3661.910556,70.097439
3662.005,70.097439
3662.221944,70.097439
3662.246667,70.097439
3662.426111,70.097439
3662.496111,70.097439
3662.526667,70.097439
3662.759722,70.097439
3662.783611,70.097439
3662.966944,70.097439
3663.071111,70.097439
3663.269444,70.097439
3663.294444,70.097439
3663.371944,70.097439
3663.890556,70.097439
3664.005833,70.097439
3664.237222,70.097439
3664.263333,70.097439
3664.441389,70.097439
3664.510278,70.097439
3664.666944,70.097439
3664.74,69.1296
3664.766667,70.097439
3664.937222,70.097439
3665.008056,70.097439
3665.236667,70.097439
3665.265,70.097439
3665.350556,70.097439
3665.856389,69.1296
3666.070833,69.1296
3666.254167,69.1296
3666.278333,69.1296
3666.472778,69.1296
3666.579167,70.097439
3666.757222,70.097439
3666.785278,70.097439
3666.961389,69.1296
3667.057222,69.1296
3667.247778,70.097439
3667.272778,69.1296
3667.350556,70.097439
3667.893056,70.097439
3668.011944,70.097439
3668.242222,70.097439
3668.270278,70.097439
3668.453056,70.097439
3668.529444,70.097439
3668.761389,70.097439
3668.785556,70.097439
3668.991111,69.1296
3669.087222,69.1296
3669.280833,70.097439
3669.360833,70.097439
3669.876389,70.097439
3670.079722,70.097439
3670.256667,69.1296
3670.433333,70.097439
3670.524444,70.097439
3670.758056,69.1296
3670.7925,69.1296
3670.979444,70.097439
3671.081111,70.097439
3671.27,70.097439
3671.346389,70.097439
3671.871111,70.097439
3672.082222,69.1296
3672.274722,70.097439
3672.455278,70.097439
3672.524444,70.097439
3672.751944,70.097439
3672.790278,70.097439
3672.976667,70.097439
3673.091944,70.097439
3673.293333,69.1296
3673.364722,70.097439
3673.926667,69.1296
3674.091667,70.097439
3674.280556,70.097439
3674.473056,70.097439
3674.540278,70.097439
3674.791667,70.097439
3674.827222,70.097439
3675.076389,70.097439
3675.278333,70.097439
3675.355556,70.097439
3675.911944,70.097439
3676.068889,70.097439
3676.241944,70.097439
3676.277778,70.097439
3676.458056,70.097439
3676.5625,70.097439
3676.749722,70.097439
3676.785556,70.097439
3676.971389,70.097439
3677.079444,70.097439
3677.275,70.097439
3677.348611,70.097439
3677.639167,70.097439
3677.881944,70.097439
3678.095556,70.097439
3678.273611,70.097439
3678.453056,70.097439
3678.577778,70.097439
3678.770278,70.097439
3678.938333,70.097439
3679.069722,70.097439
3679.259722,70.097439
3679.295556,70.097439
3679.366944,70.097439
3679.644722,70.097439
3679.8875,70.097439
3680.064167,70.097439
3680.251944,70.097439
3680.288056,70.097439
3680.466389,70.097439
3680.574722,70.097439
3680.741944,70.097439
3680.777778,70.097439
3680.954444,70.097439
3681.071389,70.097439
3681.230556,70.097439
3681.270278,70.097439
3681.362222,70.097439
3681.873611,70.097439
3682.068056,70.097439
3682.245833,70.097439
3682.2825,70.097439
3682.468056,70.097439
3682.569722,70.097439
3682.753056,70.097439
3682.792778,70.097439
3682.963889,70.097439
3683.0775,70.097439
3683.2625,70.097439
3683.348056,70.097439
3683.863611,70.097439
3684.052222,70.097439
3684.205833,70.097439
3684.243056,70.097439
3684.414167,70.097439
3684.561667,70.097439
3684.725833,70.097439
3684.7625,70.097439
3684.955,70.097439
3685.079444,70.097439
3685.2625,70.097439
3685.349444,70.097439
3685.853333,70.097439
3686.081667,70.097439
3686.248611,70.097439
3686.427222,70.097439
3686.53,70.097439
3686.775833,70.097439
3686.800833,70.097439
3686.9775,70.097439
3687.01,70.097439
3687.256111,70.097439
3687.285,70.097439
3687.364722,70.097439
3687.925,70.097439
3688.081389,70.097439
3688.294444,70.097439
3688.516111,70.097439
3688.615278,70.097439
3688.779444,70.097439
3688.972222,70.097439
3689.076667,70.097439
3689.283056,70.097439
3689.360278,70.097439
3689.951667,70.097439
3690.090833,70.097439
3690.282222,70.097439
3690.478056,70.097439
3690.581389,70.097439
3690.782222,70.097439
3690.980556,70.097439
3691.085556,70.097439
3691.267222,70.097439
3691.353056,70.097439
3691.8925,70.097439
3692.062222,70.097439
3692.243333,70.097439
3692.268333,70.097439
3692.444722,70.097439
3692.549722,70.097439
3692.563889,70.097439
3692.746111,70.097439
3692.777222,70.097439
3692.952778,70.097439
3693.005278,70.097439
3693.245278,70.097439
3693.269444,70.097439
3693.364167,70.097439
3693.876944,70.097439
3694.074722,70.097439
3694.279444,70.097439
3694.303889,70.097439
3694.493889,70.097439
3694.517778,70.097439
3694.681667,70.097439
3694.760556,70.097439
3694.784722,70.097439
3694.975,70.097439
3695.083333,70.097439
3695.277778,70.097439
3695.353611,70.097439
3695.908611,70.097439
3696.079444,70.097439
3696.271111,70.097439
3696.456944,70.097439
3696.529444,70.097439
3696.772778,70.097439
3696.796944,70.097439
3696.980278,70.097439
3697.082778,70.097439
3697.279722,70.097439
3697.351389,70.097439
3697.846389,70.097439
3698.009444,70.097439
3698.226389,70.097439
3698.250556,70.097439
3698.4375,70.097439
3698.512778,70.097439
3698.745278,70.097439
3698.775,70.097439
3698.971667,70.097439
3699.0775,70.097439
3699.273889,70.097439
3699.350278,70.097439
3699.880556,70.097439
3700.071667,70.097439
3700.253056,70.097439
3700.281111,70.097439
3700.469444,70.097439
3700.567778,70.097439
3700.738611,70.097439
3700.762778,70.097439
3700.940833,70.097439
3701.067778,70.097439
3701.249444,70.097439
3701.273611,70.097439
3701.364722,70.097439
3701.886667,70.097439
3702.057778,70.097439
3702.235,70.097439
3702.26,70.097439
3702.451111,70.097439
3702.581667,70.097439
3702.773889,70.097439
3702.9675,70.097439
3703.068333,70.097439
3703.244444,70.097439
3703.281111,70.097439
3703.353889,70.097439
3703.926389,71.065277
3704.0675,70.097439
3704.251111,70.097439
3704.275833,70.097439
3704.457778,70.097439
3704.520833,70.097439
3704.745,70.097439
3704.776111,70.097439
3704.965556,70.097439
3705.060556,70.097439
3705.246111,70.097439
3705.271667,70.097439
3705.365833,70.097439
3705.881111,70.097439
3706.071944,70.097439
3706.244444,70.097439
3706.275833,70.097439
3706.443889,70.097439
3706.496667,70.097439
3706.729722,70.097439
3706.791944,70.097439
3706.971111,70.097439
3707.071389,70.097439
3707.250833,70.097439
3707.273889,70.097439
3707.298333,70.097439
3707.375556,70.097439
3707.909722,71.065277
3708.070278,71.065277
3708.254444,71.065277
3708.278611,71.065277
3708.453611,71.065277
3708.506111,71.065277
3708.723056,71.065277
3708.7525,70.097439
3709.008889,70.097439
3709.228333,70.097439
3709.252778,70.097439
3709.356389,70.097439
3709.764444,70.097439
3709.941389,70.097439
3710.135833,70.097439
3710.333889,71.065277
3710.524444,71.065277
3710.7475,70.097439
3710.788333,70.097439
3710.9625,70.097439
3711.077778,70.097439
3711.269167,70.097439
3711.360833,70.097439
3711.892222,70.097439
3712.066944,71.065277
3712.2325,70.097439
3712.263611,70.097439
3712.445556,70.097439
3712.5175,70.097439
3712.750278,71.065277
3712.774444,71.065277
3712.949167,70.097439
3713.006667,70.097439
3713.255278,71.065277
3713.279722,71.065277
3713.352222,71.065277
3713.891667,71.065277
3714.059722,70.097439
3714.250833,70.097439
3714.278889,70.097439
3714.48,71.065277
3714.586389,70.097439
3714.771111,71.065277
3714.973611,71.065277
3715.0925,71.065277
3715.280278,71.065277
3715.354722,71.065277
3715.911667,71.065277
3716.075556,71.065277
3716.251111,70.097439
3716.280278,70.097439
3716.475833,70.097439
3716.53,71.065277
3716.776389,71.065277
3716.805,71.065277
3717.063333,70.097439
3717.090833,70.097439
3717.280833,71.065277
3717.356389,71.065277
3717.930833,71.065277
3718.074444,71.065277
3718.266111,71.065277
3718.291111,71.065277
3718.485,70.097439
3718.579722,70.097439
3718.784167,71.065277
3718.968056,71.065277
3719.083056,70.097439
3719.3225,70.097439
3719.366944,70.097439
3720.093611,70.097439
3720.311667,70.097439
3720.586111,71.065277
3720.810556,71.065277
3721.005278,71.065277
3721.089167,71.065277
3721.289167,71.065277
3721.361667,70.097439
3722.003611,71.065277
3722.083056,71.065277
3722.119722,71.065277
3722.333333,71.065277
3722.606111,71.065277
3722.815278,71.065277
3723.074444,71.065277
3723.098611,71.065277
3723.324722,71.065277
3723.371944,71.065277
3724.119167,71.065277
3724.258333,71.065277
3724.313889,71.065277
3724.4925,71.065277
3724.517222,71.065277
3724.754722,71.065277
3724.779722,71.065277
3724.971944,71.065277
3725.075833,71.065277
3725.275278,71.065277
3725.3,71.065277
3725.376667,71.065277
3725.938056,71.065277
3726.067222,71.065277
3726.249722,71.065277
3726.278056,71.065277
3726.471111,71.065277
3726.568889,71.065277
3726.757778,71.065277
3726.782778,71.065277
3726.963889,70.097439
3727.068611,70.097439
3727.255,70.097439
3727.283889,70.097439
3727.361944,70.097439
3727.929722,70.097439
3728.090556,71.065277
3728.293333,70.097439
3728.481944,71.065277
3728.574167,70.097439
3728.647222,70.097439
3728.788333,71.065277
3728.813056,71.065277
3729.008056,70.097439
3729.078333,71.065277
3729.263056,71.065277
3729.358333,71.065277
3729.883611,71.065277
3730.01,71.065277
3730.246667,71.065277
3730.272778,71.065277
3730.454722,71.065277
3730.526944,71.065277
3730.744167,71.065277
3730.769722,71.065277
3730.951667,71.065277
3731.005,71.065277
3731.231944,71.065277
3731.289722,71.065277
3731.362222,71.065277
3731.885833,71.065277
3732.011667,71.065277
3732.2325,71.065277
3732.290556,70.097439
3732.3175,71.065277
3732.5,71.065277
3732.525556,71.065277
3732.75,70.097439
3732.782778,70.097439
3732.971111,71.065277
3733.0675,71.065277
3733.246667,71.065277
3733.271667,71.065277
3733.346389,70.097439
3733.88,71.065277
3734.065556,71.065277
3734.248056,71.065277
3734.276944,71.065277
3734.476389,71.065277
3734.559722,71.065277
3734.756111,71.065277
3734.781389,71.065277
3734.976667,71.065277
3735.073333,71.065277
3735.315556,71.065277
3735.360278,71.065277
3735.8475,71.065277
3736.127778,71.065277
3736.269722,70.097439
3736.505278,71.065277
3736.609444,71.065277
3736.774722,71.065277
3736.971944,70.097439
3737.078889,71.065277
3737.253056,71.065277
3737.282778,71.065277
3737.356944,71.065277
3737.894444,71.065277
3738.052222,71.065277
3738.235278,71.065277
3738.264167,72.033116
3738.436944,71.065277
3738.504444,71.065277
3738.726667,71.065277
3738.780833,71.065277
3738.966944,71.065277
3739.065556,71.065277
3739.261667,71.065277
3739.286667,71.065277
3739.36,71.065277
3739.642778,71.065277
3739.876667,71.065277
3740.01,71.065277
3740.2375,71.065277
3740.263333,71.065277
3740.445833,71.065277
3740.518333,71.065277
3740.732222,71.065277
3740.763333,71.065277
3740.955278,71.065277
3741.070278,71.065277
3741.247778,71.065277
3741.272778,71.065277
3741.346667,71.065277
3741.893056,71.065277
3742.081944,71.065277
3742.281944,70.097439
3742.476667,71.065277
3742.568056,71.065277
3742.765556,71.065277
3742.790556,71.065277
3742.989444,71.065277
3743.086667,71.065277
3743.270833,71.065277
3743.347222,71.065277
3743.884722,71.065277
3744.089722,71.065277
3744.280833,71.065277
3744.479167,71.065277
3744.575833,71.065277
3744.777778,71.065277
3744.802778,71.065277
3744.991111,71.065277
3745.060556,70.097439
3745.268056,71.065277
3745.293056,71.065277
3745.369167,71.065277
3745.919444,71.065277
3746.0575,71.065277
3746.253333,71.065277
3746.278333,71.065277
3746.471667,71.065277
3746.580556,71.065277
3746.786389,71.065277
3746.994722,71.065277
3747.103611,71.065277
3747.312222,71.065277
3747.356667,71.065277
3747.924444,71.065277
3748.0675,71.065277
3748.274167,71.065277
3748.299167,71.065277
3748.490278,72.033116
3748.585278,71.065277
3748.774722,72.033116
3748.978056,71.065277
3749.080556,71.065277
3749.293056,71.065277
3749.3675,72.033116
3749.911667,72.033116
3750.081111,71.065277
3750.29,71.065277
3750.478889,71.065277
3750.533333,71.065277
3750.759444,71.065277
3750.784722,71.065277
3750.975556,71.065277
3751.076944,71.065277
3751.275,71.065277
3751.348333,71.065277
3751.876389,71.065277
3752.073333,71.065277
3752.2525,71.065277
3752.277778,71.065277
3752.482222,71.065277
3752.559722,71.065277
3752.569444,71.065277
3752.756944,72.033116
3752.781667,72.033116
3752.958889,72.033116
3753.070278,72.033116
3753.264167,71.065277
3753.288889,72.033116
3753.362222,72.033116
3753.903889,72.033116
3754.064444,72.033116
3754.236389,71.065277
3754.261111,71.065277
3754.438611,71.065277
3754.508611,71.065277
3754.656389,71.065277
3754.735833,72.033116
3754.761667,72.033116
3754.948611,71.065277
3755.066944,72.033116
3755.255556,71.065277
3755.281111,71.065277
3755.358333,71.065277
3755.878056,72.033116
3756.063889,71.065277
3756.247778,72.033116
3756.273056,72.033116
3756.468611,71.065277
3756.521944,71.065277
3756.739167,71.065277
3756.764722,71.065277
3756.953056,71.065277
3757.073333,71.065277
3757.262222,71.065277
3757.288056,71.065277
3757.360278,71.065277
3757.883056,72.033116
3758.061667,72.033116
3758.248611,71.065277
3758.273611,71.065277
3758.466944,71.065277
3758.520556,71.065277
3758.753056,71.065277
3758.778333,71.065277
3758.964167,71.065277
3759.060278,71.065277
3759.248056,71.065277
3759.277222,71.065277
3759.353611,71.065277
3759.900556,71.065277
3760.012778,71.065277
3760.246667,71.065277
3760.279722,71.065277
3760.459722,71.065277
3760.513333,71.065277
3760.735833,71.065277
3760.789167,71.065277
3760.978889,71.065277
3761.076111,71.065277
3761.282222,71.065277
3761.3075,71.065277
3761.352222,71.065277
3761.94,72.033116
3762.073333,72.033116
3762.258889,72.033116
3762.284722,71.065277
3762.467222,71.065277
3762.556111,72.033116
3762.727778,71.065277
3762.7525,71.065277
3762.943056,71.065277
3763.075278,71.065277
3763.2675,72.033116
3763.2925,72.033116
3763.365,72.033116
3763.918333,72.033116
3764.009167,72.033116
3764.221111,72.033116
3764.246111,72.033116
3764.427778,72.033116
3764.526389,72.033116
3764.749722,71.065277
3764.775556,71.065277
3764.960278,72.033116
3765.057778,72.033116
3765.246111,71.065277
3765.276111,71.065277
3765.349444,71.065277
3765.879167,72.033116
3766.065278,72.033116
3766.256667,71.065277
3766.281389,71.065277
3766.480556,72.033116
3766.566944,72.033116
3766.752778,71.065277
3766.777778,71.065277
3766.973333,72.033116
3767.071944,72.033116
3767.255,72.033116
3767.280278,71.065277
3767.354444,72.033116
3767.591111,72.033116
3767.908611,72.033116
3768.079444,71.065277
3768.254444,72.033116
3768.450556,72.033116
3768.560278,71.065277
3768.761944,72.033116
3768.786667,72.033116
3768.981944,72.033116
3769.083889,72.033116
3769.281111,71.065277
3769.358333,71.065277
3769.657222,71.065277
3769.938889,71.065277
3770.096389,71.065277
3770.283611,72.033116
3770.463056,72.033116
3770.516389,72.033116
3770.722222,72.033116
3770.749722,72.033116
3770.932778,72.033116
3771.087778,71.065277
3771.283056,72.033116
3771.361111,72.033116
3771.912222,72.033116
3772.068333,72.033116
3772.255,71.065277
3772.280833,71.065277
3772.477778,72.033116
3772.532222,72.033116
3772.755,71.065277
3772.78,72.033116
3772.9625,72.033116
3773.064167,72.033116
3773.250556,72.033116
3773.275556,72.033116
3773.347778,72.033116
3773.894444,72.033116
3774.08,73.000955
3774.265556,73.000955
3774.456389,72.033116
3774.564167,72.033116
3774.756944,72.033116
3774.783333,72.033116
3774.971111,73.000955
3775.075278,73.000955
3775.261111,73.000955
3775.291111,73.000955
3775.368056,73.000955
3775.895556,73.000955
3776.07,73.000955
3776.237778,72.033116
3776.262778,72.033116
3776.447778,73.000955
3776.518889,72.033116
3776.738333,73.000955
3776.764167,73.000955
3776.946944,73.000955
3777.054444,73.000955
3777.234444,73.000955
3777.259722,73.000955
3777.351111,73.000955
3777.872778,73.000955
3778.008056,73.000955
3778.233333,73.000955
3778.260833,73.000955
3778.445,73.000955
3778.513611,73.000955
3778.732222,73.000955
3778.759444,73.000955
3778.936389,73.000955
3779.004167,72.033116
3779.225556,73.000955
3779.250556,73.000955
3779.362778,73.000955
3779.853889,73.000955
3780.064167,73.000955
3780.242778,73.000955
3780.267778,73.000955
3780.460556,73.000955
3780.573056,73.000955
3780.763889,73.000955
3780.789444,73.000955
3780.968611,73.000955
3781.061944,73.000955
3781.238333,73.000955
3781.263889,73.000955
3781.352222,73.000955
3781.8575,73.000955
3782.054444,73.000955
3782.239167,73.000955
3782.265,73.000955
3782.455556,73.000955
3782.551111,73.000955
3782.560833,73.000955
3782.745833,73.000955
3782.770556,73.000955
3782.945,73.000955
3783.003333,73.000955
3783.221389,73.000955
3783.278611,73.000955
3783.350833,73.000955
3783.8575,73.000955
3784.061944,73.000955
3784.258889,73.000955
3784.284167,73.000955
3784.471944,73.000955
3784.530278,73.000955
3784.676111,73.000955
3784.775278,73.000955
3784.8,73.000955
3784.989722,73.000955
3785.053611,73.000955
3785.2275,73.000955
3785.2525,73.000955
3785.365833,73.000955
3785.865556,73.000955
3786.078056,73.000955
3786.258889,73.000955
3786.430278,73.000955
3786.499167,73.000955
3786.716944,73.000955
3786.770833,73.000955
3786.961667,73.000955
3787.075,73.000955
3787.2575,73.000955
3787.283333,73.000955
3787.361944,73.000955
3787.8975,73.000955
3788.054722,73.000955
3788.244444,73.000955
3788.269444,73.000955
3788.46,73.000955
3788.5175,73.000955
3788.741111,73.000955
3788.766111,73.000955
3788.941389,73.000955
3789.048611,73.000955
3789.236944,73.000955
3789.294444,73.968793
3789.366667,73.968793
3789.929444,73.000955
3790.073889,73.000955
3790.2575,73.000955
3790.2825,73.000955
3790.468056,73.000955
3790.526667,73.000955
3790.767222,73.000955
3790.793056,73.000955
3790.975,73.000955
3791.083056,73.000955
3791.264167,73.000955
3791.359167,73.000955
3791.869444,73.000955
3792.059167,73.000955
3792.243889,73.000955
3792.272778,73.000955
3792.455556,73.000955
3792.508889,73.000955
3792.731944,73.000955
3792.785278,73.000955
3792.978056,73.000955
3793.076389,73.000955
3793.275278,73.000955
3793.347778,73.000955
3793.924722,73.000955
3794.071667,73.000955
3794.258056,73.000955
3794.285556,73.000955
3794.469167,73.000955
3794.525833,73.000955
3794.810833,73.000955
3794.839722,73.000955
3795.109722,73.000955
3795.291389,73.000955
3795.364444,73.968793
3795.97,73.000955
3796.096389,73.000955
3796.300833,73.000955
3796.500833,73.968793
3796.59,73.000955
3796.818056,73.968793
3797.1025,73.000955
3797.347222,73.968793
3797.389167,73.968793
3797.82,73.968793
3798.115278,73.968793
3798.339444,73.968793
3798.613056,73.000955
3798.78,73.000955
3799.088611,73.000955
3799.2875,73.000955
3799.366389,73.000955
3799.7225,73.000955
3800.002222,73.000955
3800.108611,73.000955
3800.291389,73.000955
3800.477222,73.000955
3800.531944,73.000955
3800.7775,73.000955
3800.802778,73.000955
3800.999722,73.000955
3801.063611,73.000955
3801.236944,73.000955
3801.2625,73.000955
3801.356667,73.000955
3801.867222,73.000955
3802.066667,73.000955
3802.2525,73.000955
3802.281389,73.000955
3802.454167,73.000955
3802.509167,73.000955
3802.721944,73.000955
3802.747778,73.000955
3802.956111,73.000955
3803.107778,73.000955
3803.267778,73.000955
3803.355278,73.000955
3803.949722,73.000955
3804.118889,73.000955
3804.310556,73.000955
3804.481667,73.000955
3804.512222,73.000955
3804.747778,73.000955
3804.777222,73.000955
3804.983611,73.000955
3805.081111,73.000955
3805.2625,73.000955
3805.349167,73.000955
3805.895556,73.000955
3806.088611,73.000955
3806.280278,73.000955
3806.4725,73.000955
3806.526944,73.000955
3806.7975,73.000955
3806.8225,73.000955
3807.113889,73.000955
3807.306667,73.000955
3807.351111,73.000955
3808.086111,73.000955
3808.291111,73.000955
3808.510833,73.000955
3808.618611,73.000955
3808.800278,73.000955
3808.836667,73.000955
3809.146667,73.000955
3809.307778,73.000955
3809.3525,73.000955
3810.092778,73.000955
3810.283611,73.000955
3810.482222,73.000955
3810.576111,73.000955
3810.761111,73.000955
3810.785833,73.000955
3810.960833,73.000955
3811.055278,73.000955
3811.231111,73.000955
3811.256111,73.000955
3811.364722,73.000955
3811.918056,73.000955
3812.01,73.000955
3812.2325,72.033116
3812.2575,72.033116
3812.444444,72.033116
3812.516389,72.033116
3812.721944,72.033116
3812.746944,72.033116
3812.815556,73.000955
3812.996667,73.000955
3813.075,73.000955
3813.274167,72.033116
3813.299167,72.033116
3813.372222,72.033116
3813.904722,72.033116
3814.077222,72.033116
3814.260556,72.033116
3814.469722,72.033116
3814.585278,72.033116
3814.796944,72.033116
3814.915278,72.033116
3814.999722,72.033116
3815.071667,72.033116
3815.263611,72.033116
3815.288333,72.033116
3815.367778,72.033116
3816.090278,72.033116
3816.303333,71.065277
3816.510833,71.065277
3816.598611,71.065277
3816.818889,71.065277
3817.099444,72.033116
3817.299722,71.065277
3817.372778,71.065277
3818.103611,70.097439
3818.295,71.065277
3818.505833,71.065277
3818.603056,71.065277
3818.818056,71.065277
3819.009167,70.097439
3819.084444,70.097439
3819.270278,71.065277
3819.371667,71.065277
3819.976111,70.097439
3820.096944,70.097439
3820.319167,70.097439
3820.5075,70.097439
3820.587778,70.097439
3820.779722,71.065277
3820.98,70.097439
3821.1,71.065277
3821.308889,70.097439
3821.353056,70.097439
3821.975278,70.097439
3822.106111,70.097439
3822.310556,70.097439
3822.526111,70.097439
3822.611667,70.097439
3822.818056,70.097439
3823.106944,70.097439
3823.285,70.097439
3823.358333,70.097439
3823.968333,70.097439
3824.085,70.097439
3824.299167,70.097439
3824.511667,70.097439
3824.617778,70.097439
3824.803889,70.097439
3825.008611,70.097439
3825.091389,70.097439
3825.303611,70.097439
3825.348611,70.097439
3826.000833,70.097439
3826.092778,70.097439
3826.289167,70.097439
3826.477222,70.097439
3826.588333,70.097439
3826.806667,69.1296
3827.001111,70.097439
3827.0875,70.097439
3827.275,70.097439
3827.352222,70.097439
3827.926389,70.097439
3828.066944,70.097439
3828.193333,70.097439
3828.249167,70.097439
3828.274722,70.097439
3828.465,70.097439
3828.519167,70.097439
3828.750556,70.097439
3828.778333,70.097439
3828.947778,69.1296
3829.002222,69.1296
3829.239722,70.097439
3829.264722,70.097439
3829.353611,69.1296
3829.869167,69.1296
3830.064167,69.1296
3830.258056,70.097439
3830.283333,70.097439
3830.403056,70.097439
3830.476111,70.097439
3830.570556,70.097439
3830.748889,70.097439
3830.775,70.097439
3830.951944,70.097439
3831.006944,70.097439
3831.231667,70.097439
3831.265,70.097439
3831.352222,70.097439
3831.880278,69.1296
3832.073611,69.1296
3832.263611,69.1296
3832.289444,69.1296
3832.469167,69.1296
3832.523889,69.1296
3832.741667,69.1296
3832.766667,69.1296
3832.942778,69.1296
3833.0575,69.1296
3833.230556,69.1296
3833.260278,69.1296
3833.348056,69.1296
3833.8725,69.1296
3834.069167,68.161761
3834.254167,68.161761
3834.279722,69.1296
3834.472778,68.161761
3834.565278,68.161761
3834.730833,69.1296
3834.755833,69.1296
3834.933889,69.1296
3835.083333,68.161761
3835.269722,68.161761
3835.358333,68.161761
3835.898333,68.161761
3836.068611,68.161761
3836.2575,68.161761
3836.283056,69.1296
3836.469167,69.1296
3836.568333,68.161761
3836.756944,68.161761
3836.781944,68.161761
3836.977778,68.161761
3837.083889,68.161761
3837.269444,68.161761
3837.346667,68.161761
3837.910556,68.161761
3838.079722,68.161761
3838.281944,68.161761
3838.484722,68.161761
3838.585833,68.161761
3838.780278,68.161761
3838.985278,68.161761
3839.106111,68.161761
3839.314167,68.161761
3839.358056,68.161761
3839.973611,68.161761
3840.074444,68.161761
3840.288611,68.161761
3840.313889,68.161761
3840.505556,68.161761
3840.531667,68.161761
3840.770833,68.161761
3840.796667,68.161761
3840.991389,68.161761
3841.063056,68.161761
3841.260833,68.161761
3841.292778,68.161761
3841.368333,68.161761
3841.933056,68.161761
3842.086667,68.161761
3842.303611,68.161761
3842.495556,68.161761
3842.521389,68.161761
3842.75,68.161761
3842.808333,68.161761
3843.003333,68.161761
3843.071667,68.161761
3843.240833,68.161761
3843.263333,68.161761
3843.288333,68.161761
3843.3625,68.161761
3843.916111,68.161761
3844.073611,68.161761
3844.264444,68.161761
3844.289167,68.161761
3844.483611,68.161761
3844.576389,68.161761
3844.775833,68.161761
3844.970556,68.161761
3845.075833,68.161761
3845.286389,68.161761
3845.311389,68.161761
3845.355556,68.161761
3845.667222,68.161761
3845.975278,68.161761
3846.098611,68.161761
3846.274722,68.161761
3846.473611,68.161761
3846.527778,68.161761
3846.758333,68.161761
3846.783333,68.161761
3846.994722,68.161761
3847.093889,68.161761
3847.296944,68.161761
3847.37,68.161761
3847.943611,68.161761
3848.071944,68.161761
3848.266389,68.161761
3848.291389,68.161761
3848.503611,68.161761
3848.605,68.161761
3848.799444,68.161761
3848.975556,68.161761
3849.218056,68.161761
3849.244167,68.161761
3849.366111,68.161761
3849.856389,68.161761
3850.155278,68.161761
3850.351944,68.161761
3850.604444,68.161761
3850.796944,68.161761
3850.980833,68.161761
3851.095278,68.161761
3851.292222,67.193922
3851.365556,68.161761
3851.898611,67.193922
3852.008889,68.161761
3852.239167,68.161761
3852.265,68.161761
3852.443056,68.161761
3852.511944,68.161761
3852.743889,67.193922
3852.798056,67.193922
3852.989444,67.193922
3853.087222,68.161761
3853.278889,67.193922
3853.355833,67.193922
3853.891667,67.193922
3854.094167,67.193922
3854.273333,67.193922
3854.459722,67.193922
3854.513611,67.193922
3854.730278,67.193922
3854.758889,67.193922
3854.941667,68.161761
3855.054444,68.161761
3855.246944,67.193922
3855.272778,67.193922
3855.346111,67.193922
3855.635833,67.193922
3855.866111,68.161761
3856.0075,68.161761
3856.234444,68.161761
3856.26,68.161761
3856.446944,67.193922
3856.519444,67.193922
3856.743611,67.193922
3856.776944,67.193922
3856.980278,67.193922
3857.083611,67.193922
3857.285278,67.193922
3857.358333,67.193922
3857.651111,67.193922
3857.890278,67.193922
3858.058889,67.193922
3858.2575,68.161761
3858.2875,67.193922
3858.478333,68.161761
3858.578333,68.161761
3858.775,67.193922
3858.9675,67.193922
3859.075278,67.193922
3859.261111,67.193922
3859.286111,67.193922
3859.363333,67.193922
3859.901111,67.193922
3860.065278,66.226084
3860.263611,66.226084
3860.289444,66.226084
3860.469444,67.193922
3860.566944,67.193922
3860.759722,67.193922
3860.785,67.193922
3860.974444,67.193922
3861.0725,67.193922
3861.25,66.226084
3861.2775,66.226084
3861.353056,67.193922
3861.905833,66.226084
3862.1225,67.193922
3862.285,67.193922
3862.490556,66.226084
3862.586111,66.226084
3862.7825,66.226084
3862.975556,66.226084
3863.078056,66.226084
3863.275,66.226084
3863.348611,66.226084
3863.919167,66.226084
3864.065278,66.226084
3864.276389,66.226084
3864.305,66.226084
3864.503333,66.226084
3864.575278,66.226084
3864.763611,66.226084
3864.789167,66.226084
3864.986944,66.226084
3865.095833,66.226084
3865.278611,65.258245
3865.351667,66.226084
3865.885,66.226084
3866.083889,65.258245
3866.275,65.258245
3866.483056,66.226084
3866.584167,66.226084
3866.776389,66.226084
3866.966111,65.258245
3867.063333,65.258245
3867.275,65.258245
3867.299722,65.258245
3867.346944,65.258245
3867.92,65.258245
3868.068056,65.258245
3868.256944,66.226084
3868.281944,66.226084
3868.464722,65.258245
3868.569444,65.258245
3868.757222,65.258245
3868.786667,65.258245
3868.967222,65.258245
3869.07,65.258245
3869.258611,65.258245
3869.2875,65.258245
3869.362222,65.258245
3869.913333,65.258245
3870.094722,65.258245
3870.297778,65.258245
3870.485,65.258245
3870.51,65.258245
3870.593333,65.258245
3870.730556,65.258245
3870.784722,65.258245
3870.966667,65.258245
3871.080278,65.258245
3871.286667,65.258245
3871.311389,65.258245
3871.356944,65.258245
3871.921667,65.258245
3872.071944,65.258245
3872.265833,65.258245
3872.290833,65.258245
3872.489722,65.258245
3872.586389,65.258245
3872.700278,65.258245
3872.776111,65.258245
3872.972778,65.258245
3873.081111,65.258245
3873.283056,65.258245
3873.358056,65.258245
3873.932222,65.258245
3874.066111,65.258245
3874.243611,65.258245
3874.268333,65.258245
3874.465833,65.258245
3874.584167,65.258245
3874.774444,65.258245
3874.971389,65.258245
3875.074444,65.258245
3875.246944,65.258245
3875.272778,65.258245
3875.35,65.258245
3875.882222,65.258245
3876.064167,65.258245
3876.2525,65.258245
3876.281389,65.258245
3876.473056,65.258245
3876.573333,64.290406
3876.746944,65.258245
3876.771944,65.258245
3876.946667,65.258245
3877.01,65.258245
3877.233333,65.258245
3877.258333,65.258245
3877.353611,65.258245
3877.404722,65.258245
3877.880833,65.258245
3878.059167,64.290406
3878.260278,64.290406
3878.289722,64.290406
3878.461111,64.290406
3878.563333,64.290406
3878.747222,64.290406
3878.776667,64.290406
3878.965833,64.290406
3879.072222,65.258245
3879.245833,65.258245
3879.274722,65.258245
3879.350556,65.258245
3879.950278,65.258245
3880.088889,65.258245
3880.278056,65.258245
3880.498611,64.290406
3880.598611,64.290406
3880.789444,64.290406
3880.987778,65.258245
3881.0875,64.290406
3881.259722,64.290406
3881.347778,64.290406
3881.838333,64.290406
3882.077222,64.290406
3882.265,65.258245
3882.444444,65.258245
3882.573056,64.290406
3882.738889,64.290406
3882.765,64.290406
3882.961389,64.290406
3883.079722,65.258245
3883.264722,64.290406
3883.351944,65.258245
3883.874167,64.290406
3884.081111,65.258245
3884.2725,64.290406
3884.450278,65.258245
3884.505,65.258245
3884.75,64.290406
3884.78,64.290406
3884.972778,64.290406
3885.1,64.290406
3885.2925,65.258245
3885.366389,65.258245
3885.596389,65.258245
3885.902778,65.258245
3886.067222,64.290406
3886.2475,64.290406
3886.282222,64.290406
3886.522222,65.258245
3886.627222,64.290406
3886.789167,64.290406
3887.002222,65.258245
3887.105556,64.290406
3887.277222,64.290406
3887.358333,64.290406
3887.653333,64.290406
3887.924444,63.322568
3888.090833,65.258245
3888.298056,64.290406
3888.477778,64.290406
3888.591389,64.290406
3888.780556,63.322568
3888.971389,64.290406
3889.081389,64.290406
3889.275833,64.290406
3889.349444,64.290406
3889.8975,64.290406
3890.093333,64.290406
3890.276389,64.290406
3890.461389,64.290406
3890.521389,64.290406
3890.749167,64.290406
3890.774722,64.290406
3890.970833,64.290406
3891.109167,63.322568
3891.308611,63.322568
3891.3525,63.322568
3892.006389,64.290406
3892.111111,64.290406
3892.303333,64.290406
3892.491389,63.322568
3892.520278,64.290406
3892.792222,63.322568
3892.818056,63.322568
3893.003333,63.322568
3893.121944,63.322568
3893.302222,63.322568
3893.346667,63.322568
3893.996111,63.322568
3894.104722,64.290406
3894.295278,63.322568
3894.476111,63.322568
3894.534444,63.322568
3894.799167,64.290406
3894.823889,64.290406
3895.093056,63.322568
3895.282222,63.322568
3895.355833,64.290406
3895.935,63.322568
3896.0875,63.322568
3896.271111,63.322568
3896.468056,63.322568
3896.536389,63.322568
3896.804444,63.322568
3896.829444,63.322568
3897.009167,63.322568
3897.240833,63.322568
3897.273611,64.290406
3897.3525,63.322568
3898.140556,63.322568
3898.325556,63.322568
3898.512222,63.322568
3898.537222,63.322568
3898.765833,62.354729
3898.824167,62.354729
3899.076111,63.322568
3899.101111,63.322568
3899.276111,63.322568
3899.349167,63.322568
3899.906111,63.322568
3900.074722,63.322568
3900.253889,63.322568
3900.278889,63.322568
3900.4975,63.322568
3900.623056,63.322568
3900.780833,63.322568
3900.809722,62.354729
3900.996944,63.322568
3901.09,63.322568
3901.270833,63.322568
3901.359722,63.322568
3901.898056,63.322568
3902.074167,63.322568
3902.268611,62.354729
3902.298056,62.354729
3902.498056,63.322568
3902.587778,63.322568
3902.771667,63.322568
3902.876667,63.322568
3902.956389,62.354729
3903.0925,62.354729
3903.2825,63.322568
3903.356944,64.290406
3903.946667,63.322568
3904.114722,63.322568
3904.274167,62.354729
3904.453056,62.354729
3904.513611,62.354729
3904.749444,63.322568
3904.814167,63.322568
3905.073611,63.322568
3905.103611,63.322568
3905.288611,63.322568
3905.363333,63.322568
3905.926667,62.354729
3906.085,62.354729
3906.283056,62.354729
3906.479722,62.354729
3906.538333,62.354729
3906.7675,62.354729
3906.796389,62.354729
3906.985556,62.354729
3907.0875,62.354729
3907.287778,63.322568
3907.365,62.354729
3907.923056,62.354729
3908.076944,62.354729
3908.262778,62.354729
3908.458611,62.354729
3908.5325,62.354729
3908.764444,62.354729
3908.790278,62.354729
3908.971389,62.354729
3909.074722,62.354729
3909.264167,62.354729
3909.290556,62.354729
3909.367778,62.354729
3909.939167,62.354729
3910.095278,62.354729
3910.287778,62.354729
3910.486667,62.354729
3910.598333,62.354729
3910.775833,62.354729
3910.9675,62.354729
3911.069722,62.354729
3911.280278,62.354729
3911.306111,62.354729
3911.35,62.354729
3911.929722,62.354729
3912.101667,62.354729
3912.299722,62.354729
3912.494722,62.354729
3912.591944,62.354729
3912.791111,62.354729
3912.973611,62.354729
3913.077778,62.354729
3913.262778,62.354729
3913.359722,62.354729
3913.885833,62.354729
3914.075556,62.354729
3914.276667,62.354729
3914.301944,62.354729
3914.509722,62.354729
3914.5775,62.354729
3914.768889,62.354729
3914.982222,62.354729
3915.107222,62.354729
3915.289722,62.354729
3915.363333,62.354729
3915.921944,62.354729
3916.060833,62.354729
3916.070278,62.354729
3916.257222,62.354729
3916.286111,62.354729
3916.480556,62.354729
3916.582222,62.354729
3916.786667,62.354729
3916.991111,62.354729
3917.1025,62.354729
3917.31,62.354729
3917.358056,62.354729
3918.08,62.354729
3918.206389,62.354729
3918.288333,62.354729
3918.465833,62.354729
3918.559722,62.354729
3918.748333,62.354729
3918.775556,62.354729
3918.959167,62.354729
3919.060833,62.354729
3919.256111,62.354729
3919.280833,62.354729
3919.358056,62.354729
3919.929167,62.354729
3920.093889,62.354729
3920.2825,62.354729
3920.473611,62.354729
3920.533333,62.354729
3920.756667,62.354729
3920.7825,62.354729
3920.970833,62.354729
3921.073333,62.354729
3921.261389,62.354729
3921.288889,62.354729
3921.363056,62.354729
3921.918889,62.354729
3922.0525,62.354729
3922.253056,62.354729
3922.290556,62.354729
3922.474167,62.354729
3922.562222,62.354729
3922.763056,62.354729
3922.788056,62.354729
3922.98,62.354729
3923.088333,62.354729
3923.258333,62.354729
3923.361389,62.354729
3923.413611,62.354729
3923.8675,62.354729
3924.072778,62.354729
3924.258611,62.354729
3924.283333,62.354729
3924.4775,62.354729
3924.576944,62.354729
3924.7675,62.354729
3924.95,64.290406
3925.004722,63.322568
3925.224722,63.322568
3925.279722,62.354729
3925.354167,62.354729
3925.875833,62.354729
3926.079444,62.354729
3926.271667,62.354729
3926.469722,62.354729
3926.528611,62.354729
3926.756944,62.354729
3926.787222,62.354729
3926.987778,62.354729
3927.095556,62.354729
3927.277778,62.354729
3927.360278,62.354729
3927.908611,62.354729
3928.0725,62.354729
3928.252222,62.354729
3928.281944,62.354729
3928.493333,62.354729
3928.59,62.354729
3928.78,62.354729
3928.986389,62.354729
3929.085,62.354729
3929.268056,62.354729
3929.346667,62.354729
3929.904444,62.354729
3930.061389,62.354729
3930.250833,62.354729
3930.280278,62.354729
3930.469167,62.354729
3930.523333,62.354729
3930.763611,62.354729
3930.789167,62.354729
3930.973056,62.354729
3931.065556,62.354729
3931.075278,62.354729
3931.276389,62.354729
3931.301389,62.354729
3931.345833,62.354729
3931.950278,62.354729
3932.08,62.354729
3932.263611,62.354729
3932.460278,62.354729
3932.5775,62.354729
3932.772222,62.354729
3932.960278,62.354729
3933.058056,62.354729
3933.179444,62.354729
3933.2475,62.354729
3933.273611,62.354729
3933.351389,62.354729
3933.952222,62.354729
3934.073889,62.354729
3934.271667,62.354729
3934.296667,62.354729
3934.48,62.354729
3934.506389,62.354729
3934.734444,62.354729
3934.788889,62.354729
3934.994722,62.354729
3935.093889,62.354729
3935.296667,62.354729
3935.370556,62.354729
3935.929444,62.354729
3936.086944,62.354729
3936.262222,62.354729
3936.464722,62.354729
3936.574167,62.354729
3936.780833,62.354729
3936.805556,62.354729
3937.056111,62.354729
3937.081111,62.354729
3937.273333,62.354729
3937.350278,62.354729
3937.8975,62.354729
3938.07,62.354729
3938.259722,62.354729
3938.288611,62.354729
3938.461667,62.354729
3938.515833,62.354729
3938.774167,62.354729
3938.799167,62.354729
3939.066389,62.354729
3939.096944,62.354729
3939.294444,62.354729
3939.367778,62.354729
3939.954167,62.354729
3940.0875,62.354729
3940.293056,62.354729
3940.493889,62.354729
3940.588889,62.354729
3940.795833,62.354729
3940.998889,62.354729
3941.098889,62.354729
3941.300278,61.38689
3941.350833,61.38689
3941.970556,62.354729
3942.098611,62.354729
3942.291111,62.354729
3942.486111,61.38689
3942.578889,61.38689
3942.780833,62.354729
3942.961389,62.354729
3943.065,62.354729
3943.268889,62.354729
3943.293611,62.354729
3943.367778,61.38689
3943.939722,62.354729
3944.065833,62.354729
3944.264722,62.354729
3944.289722,62.354729
3944.487778,62.354729
3944.5925,62.354729
3944.781667,61.38689
3944.985556,61.38689
3945.088056,62.354729
3945.286944,62.354729
3945.360278,62.354729
3945.944444,62.354729
3946.060833,62.354729
3946.094722,62.354729
3946.288333,62.354729
3946.453611,62.354729
3946.507778,62.354729
3946.756944,62.354729
3946.811111,62.354729
3947.005278,61.38689
3947.084722,61.38689
3947.265833,62.354729
3947.363056,62.354729
3947.909444,61.38689
3948.087778,62.354729
3948.221944,62.354729
3948.299444,62.354729
3948.477222,62.354729
3948.57,62.354729
3948.7575,62.354729
3948.786389,62.354729
3948.967222,62.354729
3949.084722,62.354729
3949.271389,62.354729
3949.346944,62.354729
3949.916667,61.38689
3950.066389,62.354729
3950.260278,61.38689
3950.289167,61.38689
3950.488056,61.38689
3950.584722,61.38689
3950.782778,61.38689
3950.971667,61.38689
3951.079722,62.354729
3951.266111,62.354729
3951.364167,62.354729
3951.888611,62.354729
3952.077222,62.354729
3952.253611,61.38689
3952.438611,62.354729
3952.512222,62.354729
3952.728889,61.38689
3952.753889,61.38689
3952.940278,61.38689
3953.052778,61.38689
3953.230556,61.38689
3953.259722,61.38689
3953.353611,62.354729
3953.860278,62.354729
3954.066944,61.38689
3954.263056,61.38689
3954.288611,61.38689
3954.4725,62.354729
3954.568333,62.354729
3954.775556,61.38689
3954.801389,61.38689
3954.990556,62.354729
3955.07,61.38689
3955.272222,62.354729
3955.302222,62.354729
3955.346111,62.354729
3955.914167,62.354729
3956.051111,62.354729
3956.237222,61.38689
3956.264722,62.354729
3956.4425,61.38689
3956.556389,61.38689
3956.73,62.354729
3956.758889,62.354729
3956.948611,61.38689
3957.069444,61.38689
3957.2575,61.38689
3957.2825,61.38689
3957.356667,61.38689
3957.878056,61.38689
3958.093611,61.38689
3958.303889,61.38689
3958.488889,61.38689
3958.518056,61.38689
3958.761389,62.354729
3958.788889,61.38689
3959.065833,61.38689
3959.121389,61.38689
3959.295556,61.38689
3959.374167,61.38689
3959.986667,61.38689
3960.091944,62.354729
3960.29,62.354729
3960.476389,62.354729
3960.569167,61.38689
3960.775278,61.38689
3960.801111,61.38689
3961.052778,61.38689
3961.065,62.354729
3961.091111,62.354729
3961.303333,61.38689
3961.347222,61.38689
3961.924167,62.354729
3962.117778,61.38689
3962.283056,61.38689
3962.475833,61.38689
3962.531389,61.38689
3962.772222,61.38689
3962.7975,61.38689
3963.067222,61.38689
3963.121389,61.38689
3963.214167,61.38689
3963.295,61.38689
3963.369167,61.38689
3963.936944,62.354729
3964.104167,61.38689
3964.296667,61.38689
3964.491111,61.38689
3964.600556,61.38689
3964.846389,62.354729
3965.113889,61.38689
3965.281667,61.38689
3965.354722,61.38689
3966.104444,61.38689
3966.303611,61.38689
3966.517778,62.354729
3966.596667,62.354729
3966.833333,61.38689
3967.114444,61.38689
3967.345833,62.354729
3967.845278,61.38689
3968.098889,62.354729
3968.289722,61.38689
3968.510556,61.38689
3968.634167,61.38689
3968.7925,61.38689
3968.968056,61.38689
3969.073889,61.38689
3969.288333,61.38689
3969.321111,61.38689
3969.365,61.38689
3969.935556,61.38689
3970.010278,61.38689
3970.246667,61.38689
3970.271944,61.38689
3970.455,61.38689
3970.515556,61.38689
3970.759444,61.38689
3970.786667,61.38689
3970.991111,61.38689
3971.103333,61.38689
3971.288611,61.38689
3971.365556,61.38689
3971.931667,61.38689
3972.092222,61.38689
3972.293333,61.38689
3972.474444,61.38689
3972.570556,61.38689
3972.746667,61.38689
3972.771667,61.38689
3972.959722,61.38689
3973.103333,61.38689
3973.293056,61.38689
3973.366944,61.38689
3973.985556,62.354729
3974.101389,61.38689
3974.291389,61.38689
3974.490556,61.38689
3974.591389,61.38689
3974.771111,62.354729
3974.955,61.38689
3975.060833,61.38689
3975.248333,61.38689
3975.273333,61.38689
3975.346667,61.38689
3975.891111,61.38689
3976.066667,61.38689
3976.177222,61.38689
3976.250833,61.38689
3976.275833,61.38689
3976.449444,62.354729
3976.503611,62.354729
3976.739722,61.38689
3976.765833,62.354729
3976.943056,61.38689
3977.065278,61.38689
3977.250833,61.38689
3977.275833,61.38689
3977.350278,61.38689
3977.914167,61.38689
3978.063611,61.38689
3978.189722,61.38689
3978.256667,61.38689
3978.2825,61.38689
3978.48,61.38689
3978.5725,61.38689
3978.7725,62.354729
3978.801389,61.38689
3978.989444,61.38689
3979.060556,61.38689
3979.251111,61.38689
3979.28,61.38689
3979.354167,61.38689
3979.913611,61.38689
3980.069722,61.38689
3980.265833,61.38689
3980.295278,61.38689
3980.479444,61.38689
3980.575833,61.38689
3980.773889,61.38689
3980.799722,61.38689
3980.994167,61.38689
3981.099722,61.38689
3981.286111,61.38689
3981.361944,61.38689
3981.9375,60.419051
3982.068333,61.38689
3982.258611,61.38689
3982.291944,61.38689
3982.474722,61.38689
3982.576111,61.38689
3982.764444,61.38689
3982.79,61.38689
3982.983056,61.38689
3983.090833,61.38689
3983.283611,61.38689
3983.3575,61.38689
3984.076667,61.38689
3984.132222,61.38689
3984.331389,61.38689
3984.639722,61.38689
3984.832778,60.419051
3985.131667,61.38689
3985.348056,61.38689
3985.862778,61.38689
3986.175556,61.38689
3986.334167,61.38689
3986.637778,61.38689
3986.830556,61.38689
3987.138889,61.38689
3987.323889,62.354729
3987.368056,62.354729
3988.129722,62.354729
3988.3,61.38689
3988.596667,61.38689
3988.844167,61.38689
3989.082778,61.38689
3989.273611,61.38689
3989.346667,61.38689
3989.919167,61.38689
3990.070833,61.38689
3990.305278,61.38689
3990.330833,61.38689
3990.519722,61.38689
3990.753889,61.38689
3990.779444,61.38689
3990.975278,61.38689
3991.074167,61.38689
3991.243611,61.38689
3991.264722,61.38689
3991.29,61.38689
3991.365,61.38689
3991.953611,61.38689
3992.11,61.38689
3992.345,62.354729
3992.583056,62.354729
3992.778889,61.38689
3992.980556,61.38689
3993.084444,62.354729
3993.284444,62.354729
3993.359167,61.38689
3993.679167,61.38689
3993.908889,61.38689
3994.06,61.38689
3994.27,61.38689
3994.295,61.38689
3994.479444,61.38689
3994.5775,62.354729
3994.765278,61.38689
3994.978889,61.38689
3995.101667,60.419051
3995.265556,61.38689
3995.364722,61.38689
3995.907222,61.38689
3996.086111,61.38689
3996.283611,61.38689
3996.47,61.38689
3996.569722,62.354729
3996.789444,61.38689
3996.814444,61.38689
3997.065,62.354729
3997.09,61.38689
3997.270278,61.38689
3997.368056,61.38689
3997.920556,61.38689
3998.065833,61.38689
3998.249444,61.38689
3998.279444,61.38689
3998.468611,61.38689
3998.523056,61.38689
3998.768056,61.38689
3998.795556,61.38689
3999.005833,61.38689
3999.1025,61.38689
3999.288611,62.354729
3999.371111,61.38689
3999.964722,61.38689
4000.090833,62.354729
4000.27,61.38689
4000.473333,61.38689
4000.592222,61.38689
4000.808889,61.38689
4001.113056,61.38689
4001.375833,61.38689
4001.874444,61.38689
4002.16,61.38689
4002.335278,61.38689
4002.577222,61.38689
4002.766944,62.354729
4002.949722,62.354729
4003.075833,61.38689
4003.265278,61.38689
4003.294444,61.38689
4003.367778,61.38689
4003.932222,61.38689
4004.063056,62.354729
4004.257778,62.354729
4004.283889,62.354729
4004.489167,61.38689
4004.580278,61.38689
4004.776667,61.38689
4004.976667,62.354729
4005.073611,62.354729
4005.265278,61.38689
4005.291111,61.38689
4005.365,61.38689
4005.973889,61.38689
4006.122222,61.38689
4006.329444,61.38689
4006.601667,61.38689
4006.6225,62.354729
4006.841111,61.38689
4007.119167,62.354729
4007.350278,61.38689
4007.824444,61.38689
4008.102778,62.354729
4008.318333,62.354729
4008.528889,61.38689
4008.608056,61.38689
4008.743611,61.38689
4008.833056,62.354729
4009.113333,61.38689
4009.368333,61.38689
4009.833889,61.38689
4010.118056,61.38689
4010.334722,61.38689
4010.581944,61.38689
4010.808056,61.38689
4011.081111,61.38689
4011.317222,61.38689
4011.365278,62.354729
4012.0875,62.354729
4012.305278,61.38689
4012.586389,62.354729
4012.804167,61.38689
4013.082222,61.38689
4013.300833,61.38689
4013.346667,61.38689
4013.925,61.38689
4014.008056,61.38689
4014.247222,61.38689
4014.277778,61.38689
4014.448611,61.38689
4014.511944,61.38689
4014.7375,61.38689
4014.791667,61.38689
4014.986389,61.38689
4015.087778,61.38689
4015.268611,62.354729
4015.35,62.354729
4015.881667,62.354729
4016.070556,62.354729
4016.263333,62.354729
4016.292778,62.354729
4016.478611,62.354729
4016.569167,61.38689
4016.763333,61.38689
4016.793333,61.38689
4017.055,62.354729
4017.113611,62.354729
4017.266389,61.38689
4017.364167,62.354729
4017.916667,62.354729
4018.0625,61.38689
4018.2575,62.354729
4018.2825,62.354729
4018.456667,62.354729
4018.514444,62.354729
4018.7875,61.38689
4018.820556,61.38689
4019.065,62.354729
4019.095,62.354729
4019.299722,61.38689
4019.374444,62.354729
4019.951667,62.354729
4020.07,61.38689
4020.255556,61.38689
4020.283056,61.38689
4020.467778,62.354729
4020.521944,61.38689
4020.765278,61.38689
4020.790278,61.38689
4020.970278,62.354729
4021.073611,61.38689
4021.2425,61.38689
4021.266389,62.354729
4021.291667,62.354729
4021.369444,62.354729
4021.915833,62.354729
4022.085556,62.354729
4022.286389,61.38689
4022.492222,61.38689
4022.591944,62.354729
4022.796389,62.354729
4022.988611,61.38689
4023.090278,62.354729
4023.274722,62.354729
4023.348056,62.354729
4023.645833,62.354729
4023.913333,62.354729
4024.105556,62.354729
4024.273889,62.354729
4024.4725,61.38689
4024.530556,61.38689
4024.758333,61.38689
4024.783333,62.354729
4024.967778,61.38689
4025.066944,62.354729
4025.283056,62.354729
4025.307778,62.354729
4025.355556,62.354729
4025.967222,61.38689
4026.070833,61.38689
4026.259444,61.38689
4026.286944,61.38689
4026.476944,62.354729
4026.532778,62.354729
4026.848611,62.354729
4027.139722,62.354729
4027.351111,62.354729
4027.847778,62.354729
4028.148889,62.354729
4028.425,62.354729
4028.728611,62.354729
4028.816389,61.38689
4029.188611,62.354729
4029.389722,62.354729
4029.903333,61.38689
4030.230556,62.354729
4030.348889,62.354729
4030.673056,62.354729
4030.839444,61.38689
4031.15,62.354729
4031.355278,62.354729
4031.859167,62.354729
4032.1825,62.354729
4032.365556,61.38689
4032.675833,62.354729
4032.857222,62.354729
4033.168889,62.354729
4033.3775,62.354729
4033.918056,62.354729
4034.2425,62.354729
4034.369722,62.354729
4034.654444,62.354729
4034.883333,62.354729
4035.153611,62.354729
4035.322778,62.354729
4035.366667,62.354729
4036.151667,62.354729
4036.331667,62.354729
4036.610833,62.354729
4036.826389,62.354729
4036.871389,62.354729
4037.101111,62.354729
4037.313889,62.354729
4037.361944,62.354729
4038.145,62.354729
4038.299444,62.354729
4038.605833,62.354729
4038.850556,62.354729
4039.093056,62.354729
4039.175,62.354729
4039.381389,61.38689
4040.313889,62.354729
4040.555556,61.38689
4040.586111,61.38689
4040.893611,62.354729
4041.177222,62.354729
4041.373889,62.354729
4042.096667,62.354729
4042.318056,62.354729
4042.6225,61.38689
4043.245833,62.354729
4043.3525,62.354729
4044.2375,62.354729
4044.380278,62.354729
4044.641111,62.354729
4044.8075,62.354729
4045.0875,61.38689
4045.299722,62.354729
4045.352222,62.354729
4045.959444,62.354729
4046.121389,62.354729
4046.310833,62.354729
4046.634444,62.354729
4046.866111,62.354729
4047.193056,62.354729
4047.355278,61.38689
4047.892778,61.38689
4048.165278,62.354729
4048.324167,62.354729
4048.544444,62.354729
4048.623333,62.354729
4048.836944,62.354729
4049.124444,61.38689
4049.309167,62.354729
4049.366111,62.354729
4050.1125,62.354729
4050.315556,62.354729
4050.646111,62.354729
4050.814444,62.354729
4051.008333,62.354729
4051.088333,62.354729
4051.288611,62.354729
4051.366944,62.354729
4052.011111,62.354729
4052.108889,62.354729
4052.124444,62.354729
4052.291389,62.354729
4052.494167,62.354729
4052.603611,62.354729
4052.807778,62.354729
4052.993056,62.354729
4053.072778,62.354729
4053.281944,62.354729
4053.323056,62.354729
4053.370833,62.354729
4053.991111,62.354729
4054.094167,62.354729
4054.218611,62.354729
4054.299167,62.354729
4054.503611,62.354729
4054.578889,62.354729
4054.787778,62.354729
4054.990278,62.354729
4055.093056,62.354729
4055.298056,62.354729
4055.380556,62.354729
4055.966667,62.354729
4056.093889,62.354729
4056.294167,62.354729
4056.486389,62.354729
4056.583056,62.354729
4056.773333,61.38689
4056.969722,62.354729
4057.077222,62.354729
4057.269167,62.354729
4057.371389,62.354729
4057.925,61.38689
4058.0725,62.354729
4058.276389,62.354729
4058.305833,62.354729
4058.508056,62.354729
4058.581111,62.354729
4058.789167,61.38689
4058.987222,62.354729
4059.089722,62.354729
4059.29,62.354729
4059.375278,62.354729
4059.951944,62.354729
4060.081667,61.38689
4060.282778,62.354729
4060.468889,62.354729
4060.566667,62.354729
4060.775556,62.354729
4060.804444,62.354729
4060.991389,62.354729
4061.074167,62.354729
4061.263333,62.354729
4061.292222,62.354729
4061.382778,62.354729
4061.9975,62.354729
4062.105833,62.354729
4062.302222,62.354729
4062.4975,62.354729
4062.526667,62.354729
4062.753889,62.354729
4062.782778,62.354729
4062.990556,62.354729
4063.101111,62.354729
4063.296944,62.354729
4063.352778,61.38689
4063.966111,62.354729
4064.080833,62.354729
4064.258333,62.354729
4064.295833,62.354729
4064.478889,62.354729
4064.587778,62.354729
4064.773333,62.354729
4064.968889,62.354729
4065.083889,62.354729
4065.2875,62.354729
4065.380833,62.354729
4065.932222,62.354729
4066.089444,62.354729
4066.290556,61.38689
4066.489167,62.354729
4066.594167,62.354729
4066.785833,61.38689
4066.976944,62.354729
4067.076389,62.354729
4067.297778,62.354729
4067.373056,62.354729
4067.678056,62.354729
4067.949167,62.354729
4068.095833,62.354729
4068.31,62.354729
4068.511111,62.354729
4068.584167,62.354729
4068.8225,62.354729
4069.065556,61.38689
4069.094444,61.38689
4069.301944,61.38689
4069.354444,61.38689
4069.699722,61.38689
4069.994167,62.354729
4070.067778,62.354729
4070.249722,62.354729
4070.283611,62.354729
4070.483056,62.354729
4070.579444,62.354729
4070.776389,61.38689
4070.968056,61.38689
4071.08,61.38689
4071.29,61.38689
4071.364722,62.354729
4071.993611,61.38689
4072.095833,61.38689
4072.308056,61.38689
4072.521389,61.38689
4072.588889,61.38689
4072.8225,61.38689
4073.133056,61.38689
4073.325833,61.38689
4073.3875,61.38689
4074.129167,62.354729
4074.334444,61.38689
4074.54,61.38689
4074.815833,61.38689
4074.844722,61.38689
4075.106389,61.38689
4075.294167,61.38689
4075.372222,61.38689
4075.97,61.38689
4076.091389,61.38689
4076.276111,62.354729
4076.489444,61.38689
4076.599444,61.38689
4076.795278,62.354729
4076.991944,61.38689
4077.105833,62.354729
4077.294444,61.38689
4077.373611,61.38689
4077.943333,61.38689
4078.095833,61.38689
4078.265556,61.38689
4078.480278,61.38689
4078.605278,61.38689
4078.792222,62.354729
4078.975833,61.38689
4079.000556,61.38689
4079.253333,61.38689
4079.315556,61.38689
4079.359444,61.38689
4079.941944,61.38689
4080.088889,61.38689
4080.296667,61.38689
4080.495278,61.38689
4080.563333,61.38689
4080.764722,61.38689
4080.793611,61.38689
4080.984722,62.354729
4081.098056,61.38689
4081.296111,61.38689
4081.351111,61.38689
4081.948056,61.38689
4082.088056,61.38689
4082.290278,61.38689
4082.476667,61.38689
4082.560278,61.38689
4082.573889,61.38689
4082.773611,61.38689
4082.798889,61.38689
4082.984722,61.38689
4083.095833,60.419051
4083.316667,61.38689
4083.373889,61.38689
4084.087778,61.38689
4084.276944,61.38689
4084.469444,61.38689
4084.579444,61.38689
4084.699444,61.38689
4084.7775,61.38689
4084.974722,61.38689
4085.086389,61.38689
4085.285278,61.38689
4085.3625,61.38689
4085.874167,61.38689
4085.990278,61.38689
4086.245,61.38689
4086.319167,61.38689
4086.515833,61.38689
4086.583056,60.419051
4086.775278,60.419051
4086.96,60.419051
4087.063333,60.419051
4087.265,61.38689
4087.298889,61.38689
4087.3725,61.38689
4087.898611,60.419051
4088.084722,61.38689
4088.288889,60.419051
4088.314722,60.419051
4088.507222,61.38689
4088.541389,60.419051
4088.777778,60.419051
4088.803611,60.419051
4088.986944,61.38689
4089.068611,60.419051
4089.258333,60.419051
4089.284167,61.38689
4089.369167,61.38689
4089.936111,61.38689
4090.083333,60.419051
4090.295,60.419051
4090.49,61.38689
4090.592222,61.38689
4090.765556,60.419051
4090.959167,60.419051
4091.099722,61.38689
4091.291944,61.38689
4091.375556,61.38689
4091.929444,60.419051
4092.078889,61.38689
4092.265556,61.38689
4092.456111,60.419051
4092.575278,60.419051
4092.763056,61.38689
4092.787778,61.38689
4092.979444,60.419051
4093.095556,60.419051
4093.284167,61.38689
4093.377222,60.419051
4093.976667,60.419051
4094.0975,60.419051
4094.288333,61.38689
4094.474444,61.38689
4094.529722,60.419051
4094.800278,60.419051
4094.83,60.419051
4095.07,60.419051
4095.286944,60.419051
4095.312778,60.419051
4095.365,60.419051
4096.106111,60.419051
4096.326111,60.419051
4096.589167,60.419051
4096.820833,60.419051
4097.140278,60.419051
4097.383056,61.38689
4097.429167,61.38689
4097.741111,60.419051
4097.974167,60.419051
4098.140833,61.38689
4098.304167,60.419051
4098.515278,60.419051
4098.578611,60.419051
4098.797778,60.419051
4099.003889,60.419051
4099.076944,60.419051
4099.3,61.38689
4099.356389,61.38689
4099.714444,61.38689
4100.096389,61.38689
4100.311111,60.419051
4100.517222,60.419051
4100.588056,60.419051
4100.809167,60.419051
4101.006389,60.419051
4101.089722,60.419051
4101.281667,61.38689
4101.366111,60.419051
4101.945278,60.419051
4102.067222,61.38689
4102.280556,60.419051
4102.309444,60.419051
4102.501667,61.38689
4102.578056,60.419051
4102.774444,60.419051
4102.968611,60.419051
4103.090833,60.419051
4103.263611,61.38689
4103.368333,60.419051
4103.921667,60.419051
4104.099444,60.419051
4104.268889,60.419051
4104.453333,60.419051
4104.511944,60.419051
4104.745278,60.419051
4104.774444,60.419051
4104.959722,60.419051
4105.071667,60.419051
4105.249444,60.419051
4105.2825,60.419051
4105.363889,60.419051
4105.935556,60.419051
4106.074722,60.419051
4106.251944,60.419051
4106.286667,60.419051
4106.476389,60.419051
4106.588333,60.419051
4106.782778,60.419051
4106.9775,60.419051
4107.083889,60.419051
4107.283889,60.419051
4107.370833,60.419051
4107.913611,59.451213
4108.088611,59.451213
4108.279167,59.451213
4108.465278,60.419051
4108.575278,59.451213
4108.770278,60.419051
4108.8,60.419051
4109.003611,59.451213
4109.108611,60.419051
4109.273056,60.419051
4109.352222,60.419051
4109.906389,60.419051
4110.088889,60.419051
4110.278611,60.419051
4110.475556,60.419051
4110.535833,59.451213
4110.770556,60.419051
4110.813056,60.419051
4111.002222,60.419051
4111.079444,60.419051
4111.273056,60.419051
4111.359167,60.419051
4111.948611,60.419051
4112.123056,60.419051
4112.286944,60.419051
4112.488611,59.451213
4112.59,60.419051
4112.755278,60.419051
4112.776389,59.451213
4112.957222,59.451213
4113.063611,60.419051
4113.246944,60.419051
4113.276111,60.419051
4113.361389,60.419051
4113.898056,60.419051
4114.076111,60.419051
4114.268333,60.419051
4114.297222,60.419051
4114.519444,60.419051
4114.620278,59.451213
4114.823889,60.419051
4114.966111,60.419051
4115.088056,60.419051
4115.2725,59.451213
4115.355278,59.451213
4115.948056,60.419051
4116.083056,60.419051
4116.280833,59.451213
4116.487778,60.419051
4116.585278,59.451213
4116.784722,59.451213
4117.001944,59.451213
4117.101111,60.419051
4117.295833,59.451213
4117.374167,59.451213
4117.989444,60.419051
4118.0875,60.419051
4118.282778,59.451213
4118.496944,59.451213
4118.597778,59.451213
4118.810556,59.451213
4119.073611,59.451213
4119.102778,59.451213
4119.353056,59.451213
4119.838889,59.451213
4120.109722,60.419051
4120.327222,60.419051
4120.582778,60.419051
4120.785833,59.451213
4121.001111,59.451213
4121.122222,59.451213
4121.321667,59.451213
4121.381667,59.451213
4121.959722,59.451213
4122.096389,59.451213
4122.303889,59.451213
4122.517222,59.451213
4122.592778,59.451213
4122.712222,60.419051
4122.823056,60.419051
4123.075556,59.451213
4123.100556,59.451213
4123.311944,59.451213
4123.359167,60.419051
4124.059167,60.419051
4124.088056,60.419051
4124.289444,59.451213
4124.473611,59.451213
4124.5625,59.451213
4124.749167,60.419051
4124.774167,60.419051
4124.9775,59.451213
4125.084167,59.451213
4125.263056,60.419051
4125.361389,59.451213
4125.914167,60.419051
4126.077778,59.451213
4126.280556,59.451213
4126.472778,60.419051
4126.536944,60.419051
4126.754722,59.451213
4126.789167,59.451213
4126.985833,59.451213
4127.099167,59.451213
4127.278889,60.419051
4127.358611,60.419051
4127.914167,59.451213
4128.101944,60.419051
4128.186667,60.419051
4128.285556,59.451213
4128.485278,59.451213
4128.578333,59.451213
4128.760556,59.451213
4128.944167,59.451213
4129.066667,59.451213
4129.252222,59.451213
4129.281389,59.451213
4129.362222,59.451213
4129.926111,60.419051
4130.065556,60.419051
4130.255556,60.419051
4130.280833,60.419051
4130.410833,60.419051
4130.4875,59.451213
4130.581111,59.451213
4130.759722,59.451213
4130.949722,59.451213
4131.070556,59.451213
4131.256667,59.451213
4131.285833,59.451213
4131.372222,59.451213
4131.991389,59.451213
4132.111944,59.451213
4132.306667,60.419051
4132.499444,59.451213
4132.525,59.451213
4132.755833,59.451213
4132.784722,59.451213
4132.976944,59.451213
4133.080833,59.451213
4133.281111,59.451213
4133.356389,59.451213
4133.898889,59.451213
4134.061389,59.451213
4134.244167,59.451213
4134.274167,59.451213
4134.47,59.451213
4134.562222,59.451213
4134.759444,59.451213
4134.784444,59.451213
4134.991389,59.451213
4135.091389,59.451213
4135.286667,59.451213
4135.366944,59.451213
4135.926389,59.451213
4136.0925,59.451213
4136.283056,59.451213
4136.479722,59.451213
4136.608611,59.451213
4136.826389,59.451213
4137.075,59.451213
4137.100833,59.451213
4137.323333,59.451213
4137.373056,59.451213
4137.990833,59.451213
4138.093889,59.451213
4138.291111,59.451213
4138.4775,59.451213
4138.566111,59.451213
4138.760278,59.451213
4138.798889,59.451213
4138.983611,59.451213
4139.110833,59.451213
4139.291111,59.451213
4139.361944,59.451213
4139.914722,59.451213
4140.093611,59.451213
4140.277778,59.451213
4140.477222,59.451213
4140.597778,59.451213
4140.777222,59.451213
4140.963333,59.451213
4141.069722,59.451213
4141.246944,59.451213
4141.304444,59.451213
4141.384444,59.451213
4142.126111,59.451213
4142.285,59.451213
4142.473611,59.451213
4142.582222,59.451213
4142.781111,59.451213
4142.986111,59.451213
4143.109444,59.451213
4143.3,59.451213
4143.318056,59.451213
4143.36,59.451213
4143.965278,59.451213
4144.092778,59.451213
4144.302222,59.451213
4144.508056,59.451213
4144.583333,59.451213
4144.7825,59.451213
4144.990833,59.451213
4145.112778,59.451213
4145.314444,59.451213
4145.369444,59.451213
4145.753333,59.451213
4146.097778,59.451213
4146.273056,59.451213
4146.471944,59.451213
4146.578333,59.451213
4146.768889,59.451213
4146.799722,59.451213
4147.066944,59.451213
4147.096667,59.451213
4147.312222,59.451213
4147.371944,59.451213
4148.396389,59.451213
4148.529722,59.451213
4148.729444,59.451213
4148.785,59.451213
4149.016667,59.451213
4149.088889,59.451213
4149.284444,59.451213
4149.362778,59.451213
4149.922222,59.451213
4150.055556,59.451213
4150.244444,59.451213
4150.274167,59.451213
4150.460278,59.451213
4150.515278,59.451213
4150.768889,59.451213
4150.822778,59.451213
4151.073333,59.451213
4151.118056,59.451213
4151.321944,59.451213
4151.362778,59.451213
4151.92,59.451213
4152.057778,59.451213
4152.239722,59.451213
4152.268333,59.451213
4152.459444,59.451213
4152.560833,59.451213
4152.754722,59.451213
4152.788056,59.451213
4153.138056,59.451213
4153.326389,59.451213
4153.371944,59.451213
4154.246389,59.451213
4154.327778,59.451213
4154.613889,59.451213
4154.863889,59.451213
4155.191944,59.451213
4155.345833,59.451213
4155.8125,59.451213
4155.976667,59.451213
4156.087778,59.451213
4156.283333,59.451213
4156.487778,59.451213
4156.603333,59.451213
4156.800833,59.451213
4156.998056,59.451213
4157.072222,59.451213
4157.275278,59.451213
4157.301111,59.451213
4157.350278,59.451213
4157.953056,59.451213
4158.076389,59.451213
4158.293056,59.451213
4158.489722,59.451213
4158.591389,59.451213
4158.783889,59.451213
4158.96,59.451213
4159.071667,59.451213
4159.131389,59.451213
4159.270833,59.451213
4159.303889,59.451213
4159.349167,59.451213
4159.928056,59.451213
4160.091111,59.451213
4160.286944,59.451213
4160.478056,59.451213
4160.579167,59.451213
4160.779444,59.451213
4160.804167,59.451213
4160.996111,59.451213
4161.065833,59.451213
4161.177222,59.451213
4161.245278,59.451213
4161.271111,59.451213
4161.356667,59.451213
4161.921944,59.451213
4162.088611,59.451213
4162.3175,59.451213
4162.566944,59.451213
4162.604167,59.451213
4162.8075,59.451213
4162.989722,59.451213
4163.061667,59.451213
4163.268333,59.451213
4163.293056,59.451213
4163.3775,59.451213
4163.922778,59.451213
4164.071944,59.451213
4164.270833,59.451213
4164.305278,59.451213
4164.494167,59.451213
4164.523611,59.451213
4164.784722,59.451213
4164.814167,59.451213
4165.065,59.451213
4165.094722,59.451213
4165.290833,59.451213
4165.375833,59.451213
4165.935556,59.451213
4166.089167,59.451213
4166.293889,59.451213
4166.478889,59.451213
4166.597222,59.451213
4166.833056,59.451213
4167.009444,59.451213
4167.252222,59.451213
4167.277222,59.451213
4167.348611,59.451213
4167.900833,59.451213
4168.083889,59.451213
4168.272222,59.451213
4168.455,59.451213
4168.509444,59.451213
4168.748333,59.451213
4168.828333,59.451213
4169.109444,59.451213
4169.286389,59.451213
4169.3575,59.451213
4169.908611,59.451213
4170.077222,59.451213
4170.279167,59.451213
4170.471389,59.451213
4170.526389,59.451213
4170.759722,59.451213
4170.784444,59.451213
4170.971667,59.451213
4171.083333,59.451213
4171.313611,59.451213
4171.420278,59.451213
4172.093056,59.451213
4172.283333,59.451213
4172.478333,59.451213
4172.583056,59.451213
4172.775278,59.451213
4172.95,59.451213
4173.0625,59.451213
4173.26,59.451213
4173.310556,59.451213
4173.429167,59.451213
4174.119722,59.451213
4174.268889,59.451213
4174.473333,59.451213
4174.578889,59.451213
4174.755,59.451213
4174.777778,59.451213
4174.953889,59.451213
4175.057778,59.451213
4175.251944,59.451213
4175.282222,59.451213
4175.3625,59.451213
4175.921667,59.451213
4176.064167,59.451213
4176.251667,59.451213
4176.276667,59.451213
4176.462778,59.451213
4176.560833,59.451213
4176.761667,59.451213
4176.790556,59.451213
4176.911111,59.451213
4176.981389,59.451213
4177.087778,59.451213
4177.281944,59.451213
4177.361111,59.451213
4177.924167,59.451213
4178.0925,59.451213
4178.284444,59.451213
4178.484444,59.451213
4178.586667,59.451213
4178.793333,59.451213
4179.009444,59.451213
4179.117222,59.451213
4179.278611,58.483374
4179.361667,59.451213
4179.941667,59.451213
4180.07,58.483374
4180.259722,59.451213
4180.292778,59.451213
4180.4875,59.451213
4180.584167,59.451213
4180.802222,59.451213
4180.998889,58.483374
4181.076389,58.483374
4181.270833,58.483374
4181.295556,58.483374
4181.379722,58.483374
4181.96,58.483374
4182.086944,58.483374
4182.276667,58.483374
4182.462778,58.483374
4182.565,59.451213
4182.754722,59.451213
4182.784722,59.451213
4182.959722,58.483374
4183.058889,59.451213
4183.24,59.451213
4183.265,59.451213
4183.354722,58.483374
4183.916667,59.451213
4184.084444,59.451213
4184.262778,59.451213
4184.4525,58.483374
4184.508611,59.451213
4184.744167,58.483374
4184.804167,59.451213
4184.982222,58.483374
4185.056389,58.483374
4185.2425,59.451213
4185.268333,58.483374
4185.353056,59.451213
4185.913611,59.451213
4186.058889,58.483374
4186.253056,58.483374
4186.281944,58.483374
4186.468333,58.483374
4186.561667,58.483374
4186.763889,58.483374
4186.788611,58.483374
4186.968056,58.483374
4187.086944,58.483374
4187.299167,59.451213
4187.39,59.451213
4188.2325,58.483374
4188.298333,58.483374
4188.603333,58.483374
4188.831667,59.451213
4189.130833,59.451213
4189.363056,58.483374
4189.832778,59.451213
4190.113056,59.451213
4190.137778,59.451213
4190.3575,58.483374
4190.646944,58.483374
4190.932778,58.483374
4191.163056,58.483374
4191.328889,59.451213
4191.461667,59.451213
4192.175556,59.451213
4192.243333,58.483374
4192.337778,59.451213
4192.671667,58.483374
4192.821667,59.451213
4193.138611,58.483374
4193.324444,58.483374
4193.445833,58.483374
4194.229167,58.483374
4194.360278,58.483374
4194.617222,59.451213
4194.863333,58.483374
4195.179167,59.451213
4195.383333,58.483374
4196.073333,58.483374
4196.197222,57.515535
4196.316667,58.483374
4196.575833,59.451213
4196.617222,58.483374
4196.818056,58.483374
4196.989167,58.483374
4197.093611,58.483374
4197.287778,58.483374
4197.393056,58.483374
4198.008611,58.483374
4198.119722,58.483374
4198.284167,58.483374
4198.491667,59.451213
4198.596111,58.483374
4198.780833,57.515535
4198.962778,58.483374
4199.060833,58.483374
4199.258611,59.451213
4199.2875,59.451213
4199.365278,58.483374
4199.933889,58.483374
4200.081667,58.483374
4200.289167,59.451213
4200.485833,58.483374
4200.586111,58.483374
4200.775,58.483374
4200.994722,58.483374
4201.0975,58.483374
4201.282222,58.483374
4201.365,58.483374
4201.916111,57.515535
4202.0575,59.451213
4202.244722,59.451213
4202.279167,59.451213
4202.458889,59.451213
4202.515556,59.451213
4202.746111,58.483374
4202.773056,58.483374
4202.977778,58.483374
4203.080278,58.483374
4203.274444,58.483374
4203.353889,58.483374
4203.889167,58.483374
4204.061944,58.483374
4204.240833,58.483374
4204.269444,58.483374
4204.456111,59.451213
4204.512222,58.483374
4204.738611,58.483374
4204.763611,58.483374
4204.9475,57.515535
4205.066111,57.515535
4205.257222,59.451213
4205.283056,58.483374
4205.362778,58.483374
4205.563333,58.483374
4205.921111,58.483374
4206.058056,58.483374
4206.276389,58.483374
4206.301944,58.483374
4206.495556,58.483374
4206.566944,58.483374
4206.768889,58.483374
4206.803333,58.483374
4206.975833,58.483374
4207.000833,58.483374
4207.244167,58.483374
4207.269444,58.483374
4207.349444,58.483374
4207.663333,58.483374
4207.901389,58.483374
4208.080833,58.483374
4208.264444,58.483374
4208.466667,58.483374
4208.594722,58.483374
4208.793056,58.483374
4209.053611,58.483374
4209.087222,57.515535
4209.279722,58.483374
4209.361667,58.483374
4209.895833,58.483374
4210.059722,58.483374
4210.24,58.483374
4210.273611,58.483374
4210.454722,58.483374
4210.517778,58.483374
4210.754167,58.483374
4210.779167,58.483374
4210.973056,58.483374
4211.076667,58.483374
4211.260278,58.483374
4211.285,58.483374
4211.364167,58.483374
4211.920556,58.483374
4211.991667,58.483374
4212.2325,58.483374
4212.295278,58.483374
4212.485833,58.483374
4212.579444,58.483374
4212.764722,58.483374
4212.962778,58.483374
4213.071667,58.483374
4213.258611,58.483374
4213.2875,58.483374
4213.377222,58.483374
4213.961389,58.483374
4214.079444,59.451213
4214.272778,58.483374
4214.4775,58.483374
4214.579444,58.483374
4214.798333,58.483374
4214.823056,58.483374
4215.089722,58.483374
4215.258611,58.483374
4215.358611,59.451213
4215.936389,58.483374
4216.055278,57.515535
4216.260278,58.483374
4216.29,58.483374
4216.505,58.483374
4216.6075,58.483374
4216.788056,58.483374
4217.009444,57.515535
4217.135556,58.483374
4217.313889,58.483374
4217.361667,58.483374
4218.001111,59.451213
4218.108889,58.483374
4218.3,58.483374
4218.517222,58.483374
4218.622778,58.483374
4218.786667,58.483374
4218.983611,57.515535
4219.082222,58.483374
4219.286667,58.483374
4219.364722,58.483374
4219.914167,58.483374
4220.012222,58.483374
4220.256944,58.483374
4220.288611,58.483374
4220.475833,59.451213
4220.545556,59.451213
4220.753889,59.451213
4220.7775,58.483374
4220.806944,58.483374
4221.001944,58.483374
4221.071389,58.483374
4221.297222,59.451213
4221.3225,58.483374
4221.371389,58.483374
4221.931667,58.483374
4222.063889,58.483374
4222.258056,58.483374
4222.282778,58.483374
4222.484444,58.483374
4222.586111,59.451213
4222.793889,58.483374
4222.915278,58.483374
4222.999167,58.483374
4223.095833,58.483374
4223.306111,58.483374
4223.358333,58.483374
4223.963333,58.483374
4224.095833,58.483374
4224.305278,58.483374
4224.500556,58.483374
4224.53,58.483374
4224.756111,58.483374
4224.793056,58.483374
4224.969722,58.483374
4225.069167,58.483374
4225.2575,58.483374
4225.286389,58.483374
4225.363889,58.483374
4225.891389,58.483374
4226.085278,58.483374
4226.289444,58.483374
4226.483889,58.483374
4226.590278,58.483374
4226.778889,58.483374
4226.953056,58.483374
4227.013333,58.483374
4227.271944,58.483374
4227.304722,58.483374
4227.3525,58.483374
4227.964444,58.483374
4228.086944,58.483374
4228.280833,57.515535
4228.493333,58.483374
4228.586667,57.515535
4228.785278,57.515535
4228.9825,58.483374
4229.086389,58.483374
4229.294167,58.483374
4229.351389,58.483374
4229.929722,58.483374
4230.072222,58.483374
4230.275,57.515535
4230.300833,58.483374
4230.493333,58.483374
4230.565,58.483374
4230.756944,58.483374
4230.781667,58.483374
4230.974444,58.483374
4231.095833,58.483374
4231.275556,58.483374
4231.353333,58.483374
4231.864444,58.483374
4232.009167,58.483374
4232.253889,58.483374
4232.278889,58.483374
4232.465278,58.483374
4232.524167,58.483374
4232.746389,58.483374
4232.771667,59.451213
4233.068333,58.483374
4233.128333,58.483374
4233.314167,57.515535
4233.363056,57.515535
4233.967222,58.483374
4234.110556,58.483374
4234.279444,58.483374
4234.486389,57.515535
4234.583056,58.483374
4234.786667,58.483374
4234.983889,58.483374
4235.092222,58.483374
4235.285,58.483374
4235.359444,58.483374
4235.9025,58.483374
4236.070278,58.483374
4236.086111,58.483374
4236.265,58.483374
4236.294444,58.483374
4236.490556,58.483374
4236.613056,58.483374
4236.806389,58.483374
4236.990556,58.483374
4237.064444,58.483374
4237.268333,58.483374
4237.297222,58.483374
4237.383056,58.483374
4237.931944,58.483374
4238.056944,58.483374
4238.169167,58.483374
4238.236944,58.483374
4238.262778,57.515535
4238.458333,58.483374
4238.561667,58.483374
4238.759722,58.483374
4238.784722,58.483374
4238.969444,58.483374
4239.089444,58.483374
4239.291667,58.483374
4239.3825,58.483374
4239.922222,58.483374
4240.06,58.483374
4240.245,59.451213
4240.27,59.451213
4240.456389,58.483374
4240.511389,58.483374
4240.737778,58.483374
4240.798333,57.515535
4240.9825,57.515535
4241.078056,58.483374
4241.258611,58.483374
4241.360278,58.483374
4241.8975,57.515535
4242.090833,57.515535
4242.296111,58.483374
4242.510556,58.483374
4242.576944,58.483374
4242.77,58.483374
4242.8,58.483374
4242.989722,57.515535
4243.065833,57.515535
4243.263611,57.515535
4243.293333,57.515535
4243.373056,58.483374
4243.897222,58.483374
4244.061667,58.483374
4244.260278,58.483374
4244.285278,58.483374
4244.487778,57.515535
4244.580833,58.483374
4244.768333,58.483374
4244.973333,58.483374
4245.076111,58.483374
4245.249167,58.483374
4245.279167,57.515535
4245.365556,57.515535
4245.8875,58.483374
4246.072778,58.483374
4246.271667,58.483374
4246.300556,58.483374
4246.484722,58.483374
4246.520556,57.515535
4246.789444,57.515535
4246.818056,57.515535
4247.076667,58.483374
4247.295,58.483374
4247.373056,57.515535
4247.889167,57.515535
4248.058889,58.483374
4248.248056,58.483374
4248.273889,58.483374
4248.466944,57.515535
4248.568333,58.483374
4248.755833,58.483374
4248.780556,57.515535
4248.967222,57.515535
4249.068056,57.515535
4249.265,58.483374
4249.290278,58.483374
4249.386944,58.483374
4249.912222,58.483374
4250.081111,58.483374
4250.263611,58.483374
4250.4725,58.483374
4250.592222,57.515535
4250.798889,57.515535
4250.985833,58.483374
4251.059722,58.483374
4251.083889,58.483374
4251.268889,58.483374
4251.298056,57.515535
4251.380556,57.515535
4251.912222,58.483374
4252.0775,58.483374
4252.265,57.515535
4252.451667,58.483374
4252.572222,58.483374
4252.771944,58.483374
4252.796667,58.483374
4252.981389,57.515535
4253.096111,57.515535
4253.21,57.515535
4253.296111,57.515535
4253.346111,57.515535
4253.906944,58.483374
4254.076389,58.483374
4254.267778,59.451213
4254.293333,58.483374
4254.504444,57.515535
4254.604444,57.515535
4254.808611,57.515535
4255.007778,58.483374
4255.08,58.483374
4255.273611,58.483374
4255.365,57.515535
4255.9325,58.483374
4256.090833,57.515535
4256.296667,58.483374
4256.478333,58.483374
4256.5125,58.483374
4256.751389,58.483374
4256.780278,58.483374
4256.972222,57.515535
4257.08,57.515535
4257.275833,58.483374
4257.300833,58.483374
4257.349167,58.483374
4257.934444,57.515535
4258.081667,58.483374
4258.271944,57.515535
4258.479167,58.483374
4258.577222,58.483374
4258.769444,58.483374
4258.808056,58.483374
4259.004444,57.515535
4259.089444,58.483374
4259.2975,58.483374
4259.379167,58.483374
4259.919167,58.483374
4260.095556,58.483374
4260.301944,58.483374
4260.516944,58.483374
4260.584444,58.483374
4260.795278,58.483374
4260.983889,58.483374
4261.092222,57.515535
4261.277222,58.483374
4261.361111,58.483374
4261.906111,57.515535
4262.062778,58.483374
4262.265,58.483374
4262.290278,58.483374
4262.491667,58.483374
4262.599167,58.483374
4262.788333,58.483374
4262.968333,58.483374
4263.073056,58.483374
4263.260556,58.483374
4263.290278,58.483374
4263.368333,58.483374
4263.961667,58.483374
4264.056111,57.515535
4264.308611,58.483374
4264.338333,58.483374
4264.573333,58.483374
4264.783889,58.483374
4264.808889,58.483374
4265.01,58.483374
4265.073889,58.483374
4265.254722,58.483374
4265.284167,58.483374
4265.363056,58.483374
4265.990833,58.483374
4266.0875,58.483374
4266.304167,58.483374
4266.32,58.483374
4266.569444,58.483374
4266.598333,58.483374
4266.828611,58.483374
4267.087778,58.483374
4267.281111,58.483374
4267.380833,57.515535
4268.001111,58.483374
4268.101667,58.483374
4268.286111,58.483374
4268.400278,58.483374
4268.475833,57.515535
4268.531667,58.483374
4268.746111,58.483374
4268.771667,57.515535
4268.97,58.483374
4269.082222,59.451213
4269.271389,58.483374
4269.361111,58.483374
4269.945278,58.483374
4270.091389,58.483374
4270.275,58.483374
4270.479444,58.483374
4270.576111,57.515535
4270.8025,58.483374
4270.827222,58.483374
4271.0775,58.483374
4271.266389,58.483374
4271.360278,57.515535
4271.890556,58.483374
4272.001944,58.483374
4272.248889,57.515535
4272.307778,58.483374
4272.493056,58.483374
4272.521944,58.483374
4272.744167,58.483374
4272.777222,58.483374
4272.9575,58.483374
4273.052222,58.483374
4273.2475,58.483374
4273.276389,58.483374
4273.354444,57.515535
4273.877222,58.483374
4274.083611,58.483374
4274.276667,58.483374
4274.479722,58.483374
4274.580556,58.483374
4274.763056,58.483374
4274.941389,58.483374
4275.057222,58.483374
4275.256944,57.515535
4275.282778,57.515535
4275.361389,57.515535
4275.898056,58.483374
4276.055833,58.483374
4276.240278,58.483374
4276.274444,58.483374
4276.460556,58.483374
4276.515833,58.483374
4276.758889,58.483374
4276.783889,58.483374
4276.961944,58.483374
4277.065833,58.483374
4277.256111,58.483374
4277.293056,58.483374
4277.375,58.483374
4277.935556,58.483374
4278.075833,58.483374
4278.276667,58.483374
4278.302222,58.483374
4278.4925,58.483374
4278.518333,58.483374
4278.748611,58.483374
4278.787222,58.483374
4278.975556,58.483374
4279.087222,57.515535
4279.289444,57.515535
4279.371667,58.483374
4279.924722,58.483374
4280.066111,58.483374
4280.250833,58.483374
4280.279722,58.483374
4280.481111,58.483374
4280.581389,58.483374
4280.779444,58.483374
4280.969722,58.483374
4281.074722,57.515535
4281.321389,58.483374
4281.370278,58.483374
4281.6575,58.483374
4281.768333,57.515535
4281.955,58.483374
4282.082222,58.483374
4282.282778,58.483374
4282.484167,58.483374
4282.585,58.483374
4282.773333,58.483374
4282.968333,58.483374
4283.062778,58.483374
4283.260556,58.483374
4283.289444,58.483374
4283.364722,58.483374
4283.820556,58.483374
4283.895,58.483374
4284.0525,58.483374
4284.265556,58.483374
4284.291111,58.483374
4284.496667,58.483374
4284.590556,58.483374
4284.783611,58.483374
4284.971944,57.515535
4285.078611,57.515535
4285.261944,58.483374
4285.350556,58.483374
4285.8975,58.483374
4286.059444,58.483374
4286.256944,58.483374
4286.282222,58.483374
4286.4875,58.483374
4286.584167,58.483374
4286.7875,58.483374
4287.055833,57.515535
4287.123889,57.515535
4287.284722,57.515535
4287.363056,57.515535
4287.901111,58.483374
4288.083056,58.483374
4288.273889,58.483374
4288.46,58.483374
4288.519167,58.483374
4288.756944,58.483374
4288.781944,58.483374
4288.962778,57.515535
4289.073611,58.483374
4289.255833,58.483374
4289.290278,58.483374
4289.368333,58.483374
4289.908056,57.515535
4289.999444,57.515535
4290.241667,57.515535
4290.266389,58.483374
4290.473333,58.483374
4290.532222,58.483374
4290.756667,58.483374
4290.781667,58.483374
4290.978889,58.483374
4291.086111,58.483374
4291.257778,58.483374
4291.352222,58.483374
4291.879722,57.515535
4292.074722,58.483374
4292.271389,57.515535
4292.308333,57.515535
4292.507222,58.483374
4292.569722,57.515535
4292.765556,57.515535
4292.790278,57.515535
4292.982222,58.483374
4293.081111,58.483374
4293.266667,57.515535
4293.367222,57.515535
4293.885833,58.483374
4294.060278,57.515535
4294.258889,57.515535
4294.292222,57.515535
4294.471111,58.483374
4294.565556,58.483374
4294.748889,58.483374
4294.7775,58.483374
4294.972222,58.483374
4295.085,57.515535
4295.284722,57.515535
4295.3625,57.515535
4295.898611,58.483374
4296.063889,57.515535
4296.2475,57.515535
4296.273333,57.515535
4296.468611,58.483374
4296.571111,57.515535
4296.586944,57.515535
4296.780278,58.483374
4296.805278,58.483374
4297.052222,57.515535
4297.076944,57.515535
4297.26,58.483374
4297.353611,58.483374
4297.868056,58.483374
4298.056667,58.483374
4298.235,58.483374
4298.259722,58.483374
4298.444722,58.483374
4298.565,58.483374
4298.690278,58.483374
4298.765833,58.483374
4298.811389,57.515535
4298.996667,58.483374
4299.0775,58.483374
4299.249444,58.483374
4299.274167,58.483374
4299.361667,58.483374
4299.889167,58.483374
4300.055833,58.483374
4300.260556,58.483374
4300.290278,57.515535
4300.477778,57.515535
4300.574167,57.515535
4300.763611,57.515535
4300.7925,57.515535
4300.982222,58.483374
4301.089722,58.483374
4301.283889,58.483374
4301.3625,58.483374
4301.910556,58.483374
4302.079167,58.483374
4302.282778,58.483374
4302.481944,57.515535
4302.574444,57.515535
4302.766389,57.515535
4302.791111,57.515535
4302.97,57.515535
4303.068611,57.515535
4303.256111,57.515535
4303.280833,58.483374
4303.355556,58.483374
4303.891111,57.515535
4304.06,57.515535
4304.241944,57.515535
4304.267222,57.515535
4304.457778,57.515535
4304.523333,57.515535
4304.753333,57.515535
4304.782778,57.515535
4304.977778,57.515535
4305.084722,57.515535
4305.273056,58.483374
4305.358889,58.483374
4305.878056,58.483374
4306.071944,58.483374
4306.268056,58.483374
4306.293333,57.515535
4306.474167,58.483374
4306.579167,58.483374
4306.784444,58.483374
4306.977778,57.515535
4307.081389,57.515535
4307.268333,58.483374
4307.346111,57.515535
4307.955833,58.483374
4308.071389,58.483374
4308.258889,57.515535
4308.291944,57.515535
4308.471667,58.483374
4308.571111,58.483374
4308.760556,58.483374
4308.785278,58.483374
4308.968611,57.515535
4309.089444,57.515535
4309.260278,57.515535
4309.362222,57.515535
4309.850556,58.483374
4310.069444,58.483374
4310.259722,58.483374
4310.284444,58.483374
4310.496667,58.483374
4310.598056,58.483374
4310.789444,58.483374
4310.977778,57.515535
4311.079444,58.483374
4311.246944,58.483374
4311.291111,58.483374
4311.365833,58.483374
4311.89,58.483374
4312.082778,58.483374
4312.276944,58.483374
4312.457778,58.483374
4312.516944,57.515535
4312.739444,58.483374
4312.772222,58.483374
4312.949444,58.483374
4313.009167,58.483374
4313.248611,58.483374
4313.273333,58.483374
4313.355556,58.483374
4313.651944,58.483374
4313.884444,57.515535
4314.005,57.515535
4314.225,58.483374
4314.294444,58.483374
4314.491389,58.483374
4314.612778,57.515535
4314.826944,57.515535
4315.071111,58.483374
4315.275278,58.483374
4315.304167,58.483374
4315.348056,57.515535
4315.931389,58.483374
4316.097222,58.483374
4316.291667,57.515535
4316.478611,57.515535
4316.533611,57.515535
4316.758333,58.483374
4316.796667,58.483374
4316.983056,57.515535
4317.009722,57.515535
4317.269444,57.515535
4317.298889,57.515535
4317.351944,57.515535
4317.927778,58.483374
4318.066389,57.515535
4318.257222,57.515535
4318.288056,58.483374
4318.473889,58.483374
4318.574167,58.483374
4318.764444,57.515535
4318.789722,57.515535
4318.995556,58.483374
4319.107778,58.483374
4319.313056,58.483374
4319.3575,58.483374
4319.931944,58.483374
4320.074167,58.483374
4320.273333,58.483374
4320.298056,58.483374
4320.493333,57.515535
4320.59,57.515535
4320.768333,58.483374
4320.953056,57.515535
4321.075,57.515535
4321.269722,57.515535
4321.294444,58.483374
4321.384444,57.515535
4321.920278,58.483374
4322.086944,58.483374
4322.283056,57.515535
4322.49,57.515535
4322.589444,57.515535
4322.782222,58.483374
4322.984722,58.483374
4323.090278,57.515535
4323.288056,57.515535
4323.383056,57.515535
4323.890556,57.515535
4324.071389,57.515535
4324.269444,58.483374
4324.294722,58.483374
4324.500833,58.483374
4324.598611,58.483374
4324.793333,57.515535
4325.003333,57.515535
4325.085,58.483374
4325.2775,58.483374
4325.355833,58.483374
4325.876389,58.483374
4326.061944,57.515535
4326.245278,57.515535
4326.274167,57.515535
4326.468889,57.515535
4326.566111,57.515535
4326.765278,57.515535
4326.793889,58.483374
4326.994722,57.515535
4327.103889,58.483374
4327.294722,58.483374
4327.346667,58.483374
4327.926111,57.515535
4328.09,57.515535
4328.291667,57.515535
4328.472778,57.515535
4328.573333,57.515535
4328.763333,57.515535
4328.788056,57.515535
4328.973333,57.515535
4329.074444,57.515535
4329.256389,58.483374
4329.281111,58.483374
4329.363056,58.483374
4329.886944,57.515535
4330.016111,57.515535
4330.25,57.515535
4330.274722,57.515535
4330.45,57.515535
4330.512778,57.515535
4330.753333,57.515535
4330.808333,57.515535
4330.999167,58.483374
4331.070833,58.483374
4331.256667,57.515535
4331.285556,57.515535
4331.371667,57.515535
4331.889444,57.515535
4332.009722,58.483374
4332.258889,57.515535
4332.288889,57.515535
4332.467778,58.483374
4332.532222,57.515535
4332.762778,57.515535
4332.7875,57.515535
4332.979167,58.483374
4333.081667,57.515535
4333.279444,58.483374
4333.362778,58.483374
4333.892222,58.483374
4334.080278,57.515535
4334.26,57.515535
4334.454167,58.483374
4334.538333,58.483374
4334.774722,57.515535
4334.804444,57.515535
4334.991667,57.515535
4335.081944,57.515535
4335.280833,58.483374
4335.366944,57.515535
4335.910833,58.483374
4336.075278,57.515535
4336.2925,57.515535
4336.318056,57.515535
4336.495833,58.483374
4336.524722,58.483374
4336.748056,58.483374
4336.780833,58.483374
4336.961944,57.515535
4337.059444,57.515535
4337.25,57.515535
4337.283889,57.515535
4337.362778,57.515535
4337.9375,58.483374
4338.069722,58.483374
4338.248611,58.483374
4338.274444,58.483374
4338.472778,58.483374
4338.577778,58.483374
4338.788611,58.483374
4338.9925,57.515535
4339.103333,58.483374
4339.288611,57.515535
4339.366667,57.515535
4339.917222,58.483374
4340.0775,58.483374
4340.275,57.515535
4340.466667,57.515535
4340.529722,57.515535
4340.771667,58.483374
4340.801389,57.515535
4340.986111,58.483374
4341.061389,58.483374
4341.255278,57.515535
4341.280556,57.515535
4341.363889,57.515535
4341.910833,57.515535
4342.084167,57.515535
4342.276389,58.483374
4342.488333,57.515535
4342.581111,57.515535
4342.770833,57.515535
4342.965,57.515535
4343.063611,57.515535
4343.245556,57.515535
4343.278611,57.515535
4343.356667,57.515535
4343.901667,57.515535
4344.072222,57.515535
4344.263611,57.515535
4344.2925,58.483374
4344.486667,58.483374
4344.513333,58.483374
4344.736389,58.483374
4344.761111,58.483374
4344.963056,57.515535
4345.085,58.483374
4345.262778,58.483374
4345.368889,58.483374
4345.866667,58.483374
4346.085,58.483374
4346.284444,57.515535
4346.475833,58.483374
4346.555278,58.483374
4346.565,57.515535
4346.756944,58.483374
4346.786389,57.515535
4346.970833,57.515535
4347.083611,57.515535
4347.276944,57.515535
4347.363333,58.483374
4347.898889,58.483374
4348.106389,57.515535
4348.283611,57.515535
4348.457778,57.515535
4348.527778,57.515535
4348.673056,57.515535
4348.735,58.483374
4348.784167,57.515535
4348.964167,57.515535
4349.076667,58.483374
4349.262778,58.483374
4349.368333,58.483374
4349.87,57.515535
4350.068611,57.515535
4350.251944,57.515535
4350.285556,57.515535
4350.463056,57.515535
4350.522222,57.515535
4350.751944,58.483374
4350.785556,58.483374
4350.966944,58.483374
4351.074167,57.515535
4351.249722,57.515535
4351.279722,57.515535
4351.359722,57.515535
4351.905556,57.515535
4352.073056,58.483374
4352.271944,57.515535
4352.296667,57.515535
4352.518611,57.515535
4352.623889,58.483374
4352.801111,57.515535
4353.056111,57.515535
4353.081667,57.515535
4353.273611,57.515535
4353.351667,57.515535
4353.880833,57.515535
4354.073056,57.515535
4354.279444,57.515535
4354.305,57.515535
4354.488056,57.515535
4354.564722,57.515535
4354.7525,57.515535
4354.778333,57.515535
4354.963889,58.483374
4355.073056,58.483374
4355.266111,58.483374
4355.290833,58.483374
4355.350278,58.483374
4355.909444,57.515535
4356.008333,57.515535
4356.257222,57.515535
4356.282222,57.515535
4356.481667,58.483374
4356.5825,58.483374
4356.766389,58.483374
4356.961667,57.515535
4357.087222,57.515535
4357.273611,57.515535
4357.351667,57.515535
4357.895556,57.515535
4358.073333,57.515535
4358.255278,57.515535
4358.281111,57.515535
4358.466944,57.515535
4358.533889,57.515535
4358.745,57.515535
4358.777778,57.515535
4358.962222,58.483374
4359.0575,58.483374
4359.255556,57.515535
4359.280556,57.515535
4359.3625,58.483374
4359.911944,57.515535
4360.005833,57.515535
4360.227778,57.515535
4360.292778,57.515535
4360.470556,57.515535
4360.526111,57.515535
4360.765,57.515535
4360.79,57.515535
4360.974444,57.515535
4361.073611,58.483374
4361.256111,58.483374
4361.283333,58.483374
4361.363056,58.483374
4361.930833,58.483374
4362.071944,57.515535
4362.270278,57.515535
4362.295278,58.483374
4362.488056,57.515535
4362.581389,57.515535
4362.785,57.515535
4362.990833,57.515535
4363.093056,57.515535
4363.285833,57.515535
4363.376389,57.515535
4363.965556,57.515535
4364.091667,58.483374
4364.282222,57.515535
4364.458611,57.515535
4364.515,57.515535
4364.745833,57.515535
4364.784444,58.483374
4364.964444,57.515535
4365.065833,57.515535
4365.263056,57.515535
4365.291944,57.515535
4365.378611,57.515535
4365.9,57.515535
4366.076389,57.515535
4366.253611,57.515535
4366.441389,57.515535
4366.510833,57.515535
4366.731389,57.515535
4366.786667,57.515535
4366.986944,57.515535
4367.099167,57.515535
4367.281944,57.515535
4367.376111,57.515535
4367.9175,57.515535
4368.081667,57.515535
4368.271111,57.515535
4368.453611,57.515535
4368.5275,57.515535
4368.738333,57.515535
4368.780556,57.515535
4368.975833,57.515535
4369.079167,57.515535
4369.284444,57.515535
4369.3625,57.515535
4369.876667,57.515535
4370.086389,57.515535
4370.274167,57.515535
4370.469722,57.515535
4370.579444,57.515535
4370.796667,57.515535
4370.986667,57.515535
4371.071111,57.515535
4371.253333,57.515535
4371.278333,57.515535
4371.368333,57.515535
4371.904722,57.515535
4372.073333,57.515535
4372.261389,57.515535
4372.286944,57.515535
4372.473333,57.515535
4372.529167,57.515535
4372.7825,57.515535
4372.812222,57.515535
4372.988056,57.515535
4373.065556,57.515535
4373.255278,57.515535
4373.280278,57.515535
4373.358333,57.515535
4373.885556,57.515535
4374.068056,57.515535
4374.260833,57.515535
4374.286111,57.515535
4374.483611,57.515535
4374.590556,57.515535
4374.773889,57.515535
4374.975556,57.515535
4375.094722,57.515535
4375.301111,57.515535
4375.345833,57.515535
4375.891944,57.515535
4376.0725,57.515535
4376.287778,57.515535
4376.321111,57.515535
4376.501667,57.515535
4376.530556,57.515535
4376.759722,57.515535
4376.784444,58.483374
4376.978611,57.515535
4377.087222,57.515535
4377.295278,57.515535
4377.373333,57.515535
4377.899444,57.515535
4378.065833,57.515535
4378.257222,57.515535
4378.282222,57.515535
4378.465833,57.515535
4378.521944,57.515535
4378.741944,57.515535
4378.766944,57.515535
4378.951944,57.515535
4379.074444,57.515535
4379.246111,57.515535
4379.275556,57.515535
4379.358611,57.515535
4379.873333,57.515535
4380.063889,57.515535
4380.268611,57.515535
4380.293333,57.515535
4380.478889,57.515535
4380.568333,57.515535
4380.764722,57.515535
4380.789722,57.515535
4380.965833,57.515535
4381.073611,57.515535
4381.237778,57.515535
4381.260278,57.515535
4381.285278,57.515535
4381.368056,57.515535
4381.906389,57.515535
4382.084167,57.515535
4382.301667,57.515535
4382.480278,57.515535
4382.505278,57.515535
4382.73,57.515535
4382.785,57.515535
4382.977222,57.515535
4383.080833,57.515535
4383.261944,57.515535
4383.363889,57.515535
4383.700556,57.515535
4383.945556,57.515535
4384.129167,57.515535
4384.346667,58.483374
4384.600556,57.515535
4384.832222,57.515535
4385.091111,57.515535
4385.280278,57.515535
4385.363889,57.515535
4385.976944,57.515535
4386.091944,57.515535
4386.255278,57.515535
4386.436944,57.515535
4386.533611,57.515535
4386.75,57.515535
4386.775833,57.515535
4386.967778,57.515535
4387.068333,57.515535
4387.288611,57.515535
4387.320278,57.515535
4387.3725,57.515535
4387.977778,57.515535
4388.003333,57.515535
4388.228333,57.515535
4388.283611,57.515535
4388.468333,57.515535
4388.531389,57.515535
4388.760278,57.515535
4388.793333,57.515535
4388.992778,57.515535
4389.101667,57.515535
4389.288056,57.515535
4389.370556,57.515535
4389.884722,57.515535
4390.058056,57.515535
4390.262778,57.515535
4390.291667,57.515535
4390.486944,57.515535
4390.513056,57.515535
4390.735833,57.515535
4390.766111,57.515535
4390.951944,57.515535
4391.066389,57.515535
4391.254167,57.515535
4391.279444,57.515535
4391.374444,57.515535
4391.920556,57.515535
4392.070556,57.515535
4392.265,57.515535
4392.293889,57.515535
4392.4975,57.515535
4392.598333,57.515535
4392.793056,57.515535
4393.006944,57.515535
4393.077778,57.515535
4393.273611,57.515535
4393.355833,57.515535
4393.89,57.515535
4394.053889,57.515535
4394.253333,57.515535
4394.278611,57.515535
4394.484444,57.515535
4394.579722,57.515535
4394.7675,57.515535
4394.962778,57.515535
4395.085,57.515535
4395.280278,57.515535
4395.375833,57.515535
4395.933333,57.515535
4396.076944,57.515535
4396.263333,57.515535
4396.288056,57.515535
4396.474444,57.515535
4396.529722,57.515535
4396.743889,57.515535
4396.768889,57.515535
4396.956389,57.515535
4397.055,57.515535
4397.255278,57.515535
4397.280833,57.515535
4397.360556,57.515535
4397.878611,57.515535
4398.072778,57.515535
4398.255,57.515535
4398.280833,57.515535
4398.476111,57.515535
4398.578611,57.515535
4398.598333,57.515535
4398.777778,57.515535
4398.806667,57.515535
4398.996944,57.515535
4399.0725,57.515535
4399.264444,57.515535
4399.293333,57.515535
4399.379722,57.515535
4399.910278,57.515535
4400.073333,57.515535
4400.266389,57.515535
4400.291111,57.515535
4400.483056,57.515535
4400.575556,57.515535
4400.690278,57.515535
4400.761111,57.515535
4400.795,57.515535
4400.975556,57.515535
4401.074444,57.515535
4401.265556,57.515535
4401.290556,57.515535
4401.368611,57.515535
4401.888333,57.515535
4402.064167,57.515535
4402.246944,57.515535
4402.286111,57.515535
4402.467778,57.515535
4402.574167,57.515535
4402.760556,57.515535
4402.793333,57.515535
4402.972778,57.515535
4403.075278,57.515535
4403.265,57.515535
4403.295,57.515535
4403.351111,57.515535
4403.928056,57.515535
4404.101944,57.515535
4404.286111,57.515535
4404.480278,57.515535
4404.585556,57.515535
4404.796944,57.515535
4404.979722,57.515535
4405.088611,57.515535
4405.284722,57.515535
4405.379167,57.515535
4405.880556,57.515535
4406.0025,57.515535
4406.241389,57.515535
4406.271944,57.515535
4406.458889,57.515535
4406.518056,57.515535
4406.761111,57.515535
4406.794722,57.515535
4407.000556,57.515535
4407.113056,57.515535
4407.270833,57.515535
4407.351667,57.515535
4407.898333,57.515535
4408.093611,57.515535
4408.286667,57.515535
4408.475,57.515535
4408.543333,57.515535
4408.771389,57.515535
4408.800278,57.515535
4408.995278,57.515535
4409.084444,57.515535
4409.297778,57.515535
4409.378333,57.515535
4409.957222,57.515535
4410.084722,57.515535
4410.322222,57.515535
4410.511389,57.515535
4410.573611,57.515535
4410.794444,57.515535
4410.828056,57.515535
4411.064444,57.515535
4411.091944,57.515535
4411.305278,57.515535
4411.365278,57.515535
4411.996667,57.515535
4412.112778,57.515535
4412.306667,57.515535
4412.507778,57.515535
4412.578333,57.515535
4412.791944,57.515535
4412.981944,56.547697
4413.096389,57.515535
4413.298056,57.515535
4413.377778,57.515535
4413.947778,57.515535
4414.073611,57.515535
4414.258611,57.515535
4414.288056,57.515535
4414.498056,57.515535
4414.599444,57.515535
4414.813333,57.515535
4415.0075,57.515535
4415.083333,57.515535
4415.275556,57.515535
4415.354722,57.515535
4415.599444,57.515535
4415.875278,57.515535
4416.070556,57.515535
4416.254444,57.515535
4416.283889,57.515535
4416.488056,57.515535
4416.582222,57.515535
4416.774444,57.515535
4416.973333,57.515535
4417.090278,57.515535
4417.298056,57.515535
4417.346389,57.515535
4417.683611,57.515535
4417.981111,57.515535
4418.088333,57.515535
4418.292222,58.483374
4418.496667,57.515535
4418.590278,57.515535
4418.810278,57.515535
4419.068889,57.515535
4419.097778,57.515535
4419.292778,57.515535
4419.376389,57.515535
4419.904167,57.515535
4420.076111,57.515535
4420.272778,57.515535
4420.3025,57.515535
4420.488333,57.515535
4420.513333,57.515535
4420.760278,57.515535
4420.793333,57.515535
4420.979722,57.515535
4421.092222,57.515535
4421.279444,57.515535
4421.361667,57.515535
4421.8975,57.515535
4422.078611,57.515535
4422.268889,57.515535
4422.450278,57.515535
4422.583889,57.515535
4422.777778,57.515535
4422.965278,57.515535
4423.073056,57.515535
4423.2775,57.515535
4423.303056,57.515535
4423.347778,57.515535
4423.914722,57.515535
4424.081111,57.515535
4424.293611,57.515535
4424.488056,56.547697
4424.588889,57.515535
4424.784444,57.515535
4424.978889,57.515535
4425.083889,57.515535
4425.266667,57.515535
4425.359444,57.515535
4425.854722,57.515535
4426.081667,57.515535
4426.275833,57.515535
4426.443889,57.515535
4426.519722,57.515535
4426.766389,57.515535
4426.796944,57.515535
4426.991944,57.515535
4427.061667,57.515535
4427.250556,57.515535
4427.28,57.515535
4427.359167,57.515535
4427.945833,57.515535
4428.076944,57.515535
4428.281389,57.515535
4428.306389,57.515535
4428.516111,57.515535
4428.582778,57.515535
4428.768611,57.515535
4428.996111,57.515535
4429.104444,57.515535
4429.35,57.515535
4429.790556,57.515535
4429.978611,57.515535
4430.077778,57.515535
4430.278889,57.515535
4430.321389,57.515535
4430.531111,57.515535
4430.597778,57.515535
4430.832778,57.515535
4431.146111,56.547697
4431.304444,56.547697
4431.348611,57.515535
4432.091389,57.515535
4432.319722,57.515535
4432.615,57.515535
4432.651389,57.515535
4432.841944,57.515535
4433.169167,57.515535
4433.2775,57.515535
4433.361944,57.515535
4434.006667,57.515535
4434.211111,57.515535
4434.345556,57.515535
4434.6525,57.515535
4435.089722,57.515535
4435.099722,57.515535
4435.349722,57.515535
4435.918333,57.515535
4436.146944,57.515535
4436.305556,57.515535
4436.51,57.515535
4436.575833,57.515535
4436.775,57.515535
4436.806944,57.515535
4437.005833,57.515535
4437.078889,57.515535
4437.263056,57.515535
4437.350278,57.515535
4437.896111,57.515535
4438.0875,57.515535
4438.279722,57.515535
4438.463611,57.515535
4438.583611,57.515535
4438.775833,57.515535
4438.9675,57.515535
4439.088889,57.515535
4439.285556,57.515535
4439.371667,57.515535
4439.916389,57.515535
4440.1,57.515535
4440.313056,57.515535
4440.508333,57.515535
4440.593889,57.515535
4440.795278,57.515535
4440.999167,57.515535
4441.110556,57.515535
4441.305278,57.515535
4441.353889,57.515535
4441.947778,57.515535
4442.092778,57.515535
4442.296389,57.515535
4442.5025,57.515535
4442.612778,57.515535
4442.776667,57.515535
4442.988056,57.515535
4443.093889,57.515535
4443.307778,57.515535
4443.366389,57.515535
4443.984722,57.515535
4444.100833,57.515535
4444.300833,57.515535
4444.511111,57.515535
4444.578889,57.515535
4444.770556,57.515535
4444.985,57.515535
4445.104722,57.515535
4445.279167,57.515535
4445.361111,57.515535
4445.910278,57.515535
4446.103333,57.515535
4446.294167,57.515535
4446.491944,57.515535
4446.586389,57.515535
4446.7925,57.515535
4446.978611,57.515535
4447.088333,57.515535
4447.295278,57.515535
4447.3825,57.515535
4447.920556,57.515535
4448.0575,57.515535
4448.260556,57.515535
4448.290833,57.515535
4448.4925,57.515535
4448.5875,57.515535
4448.806944,57.515535
4449.001944,57.515535
4449.070833,57.515535
4449.270556,57.515535
4449.295556,57.515535
4449.370278,57.515535
4449.918611,57.515535
4450.074722,57.515535
4450.114444,57.515535
4450.285556,57.515535
4450.489444,57.515535
4450.604167,57.515535
4450.794722,57.515535
4450.983889,57.515535
4451.103889,57.515535
4451.302222,57.515535
4451.355278,57.515535
4451.917778,57.515535
4452.081944,57.515535
4452.194167,57.515535
4452.301111,57.515535
4452.496389,57.515535
4452.568889,57.515535
4452.811389,57.515535
4452.836667,57.515535
4453.078056,57.515535
4453.273611,57.515535
4453.356111,56.547697
4453.921944,57.515535
4454.102222,57.515535
4454.301944,57.515535
4454.504167,57.515535
4454.571667,56.547697
4454.775833,57.515535
4454.804444,57.515535
4455.006389,57.515535
4455.071111,57.515535
4455.293056,57.515535
4455.318056,57.515535
4455.366111,57.515535
4456.066667,57.515535
4456.100833,57.515535
4456.301944,57.515535
4456.507778,57.515535
4456.571389,57.515535
4456.805278,57.515535
4456.838333,57.515535
4457.104444,57.515535
4457.281111,57.515535
4457.367222,57.515535
4457.969167,57.515535
4458.105278,57.515535
4458.305278,57.515535
4458.583889,57.515535
4458.773889,57.515535
4458.974167,57.515535
4459.093056,57.515535
4459.32,57.515535
4459.391111,57.515535
4460.067778,57.515535
4460.133611,57.515535
4460.305833,57.515535
4460.508333,57.515535
4460.575556,57.515535
4460.779444,57.515535
4460.807222,57.515535
4461.01,57.515535
4461.082778,57.515535
4461.286944,57.515535
4461.3675,57.515535
4461.929722,57.515535
4462.071389,57.515535
4462.278889,57.515535
4462.307778,57.515535
4462.505278,57.515535
4462.5775,57.515535
4462.775833,57.515535
4462.801111,57.515535
4462.997222,57.515535
4463.071667,57.515535
4463.269444,57.515535
4463.294444,57.515535
4463.349722,57.515535
4463.960556,57.515535
4464.078611,57.515535
4464.288611,57.515535
4464.49,57.515535
4464.586389,57.515535
4464.794722,57.515535
4464.998333,57.515535
4465.1075,57.515535
4465.318611,57.515535
4465.3625,57.515535
4465.940278,57.515535
4466.067778,57.515535
4466.285278,57.515535
4466.310556,57.515535
4466.510556,57.515535
4466.586944,57.515535
4466.790833,57.515535
4467.003889,57.515535
4467.068056,57.515535
4467.078889,57.515535
4467.275556,57.515535
4467.355833,57.515535
4467.908889,57.515535
4468.083889,57.515535
4468.286111,57.515535
4468.495556,57.515535
4468.6025,57.515535
4468.809444,57.515535
4469.063611,57.515535
4469.088611,57.515535
4469.214444,57.515535
4469.301944,57.515535
4469.350556,57.515535
4469.948889,57.515535
4470.107778,57.515535
4470.308056,57.515535
4470.504444,57.515535
4470.529444,57.515535
4470.792778,57.515535
4470.8175,57.515535
4471.068056,57.515535
4471.093056,57.515535
4471.323611,57.515535
4471.367778,57.515535
4471.952778,57.515535
4472.102222,57.515535
4472.271667,57.515535
4472.463333,57.515535
4472.519722,57.515535
4472.751111,57.515535
4472.793611,57.515535
4472.990278,57.515535
4473.106111,57.515535
4473.326944,57.515535
4473.407222,57.515535
4474.111667,57.515535
4474.294722,57.515535
4474.601111,57.515535
4474.798333,57.515535
4474.986389,57.515535
4475.090278,57.515535
4475.304722,56.547697
4475.360833,56.547697
4475.990278,57.515535
4476.1,57.515535
4476.3125,57.515535
4476.508056,56.547697
4476.567222,56.547697
4476.802222,57.515535
4476.831944,57.515535
4477.075278,57.515535
4477.521667,56.547697
4478.010278,57.515535
4478.321667,57.515535
4478.363333,57.515535
4478.633056,57.515535
4478.991111,56.547697
4479.226944,57.515535
4479.352778,57.515535
4479.817778,56.547697
4480.080556,56.547697
4480.292778,56.547697
4480.512222,57.515535
4480.619167,57.515535
4480.7875,56.547697
4481.056389,56.547697
4481.096111,56.547697
4481.323333,56.547697
4481.413333,56.547697
4482.194444,57.515535
4482.357778,57.515535
4482.606389,57.515535
4482.789722,57.515535
4483.059722,56.547697
4483.118333,56.547697
4483.325,57.515535
4483.371944,57.515535
4484.098889,56.547697
4484.308611,57.515535
4484.371667,57.515535
4484.51,57.515535
4484.544722,57.515535
4484.786111,57.515535
4484.821667,57.515535
4485.106389,56.547697
4485.301111,57.515535
4485.358056,57.515535
4486.055556,57.515535
4486.096944,57.515535
4486.301667,57.515535
4486.445278,57.515535
4486.565,57.515535
4486.606111,57.515535
4486.814444,56.547697
4487.079444,57.515535
4487.108333,57.515535
4487.361944,57.515535
4487.787778,57.515535
4488.023333,57.515535
4488.1525,56.547697
4488.313056,57.515535
4488.511389,57.515535
4488.540278,57.515535
4488.772778,56.547697
4488.805833,57.515535
4488.992222,57.515535
4489.065556,57.515535
4489.266111,57.515535
4489.295833,57.515535
4489.356389,57.515535
4489.926111,57.515535
4490.091944,57.515535
4490.293333,57.515535
4490.4925,57.515535
4490.599167,57.515535
4490.805833,57.515535
4491.002222,57.515535
4491.080278,57.515535
4491.284722,57.515535
4491.3175,57.515535
4491.369722,56.547697
4491.961667,57.515535
4492.089167,57.515535
4492.288889,57.515535
4492.495556,57.515535
4492.598333,57.515535
4492.789722,57.515535
4492.989167,57.515535
4493.103056,57.515535
4493.346111,57.515535
4493.771389,57.515535
4493.9675,57.515535
4494.0775,57.515535
4494.260833,57.515535
4494.466111,57.515535
4494.593889,57.515535
4494.789444,57.515535
4494.995833,57.515535
4495.103611,57.515535
4495.2925,57.515535
4495.366667,57.515535
4495.9275,57.515535
4496.088056,57.515535
4496.301944,57.515535
4496.501944,57.515535
4496.569167,57.515535
4496.775,56.547697
4496.812778,56.547697
4497.006667,57.515535
4497.080556,57.515535
4497.288056,56.547697
4497.325,56.547697
4497.377222,57.515535
4497.941111,56.547697
4498.06,57.515535
4498.237778,57.515535
4498.263056,57.515535
4498.459722,57.515535
4498.591111,56.547697
4498.7925,56.547697
4499.001111,57.515535
4499.105,57.515535
4499.318889,57.515535
4499.371667,57.515535
4499.957778,57.515535
4500.058889,57.515535
4500.251667,57.515535
4500.289444,57.515535
4500.476111,56.547697
4500.5775,57.515535
4500.763056,56.547697
4500.796111,56.547697
4500.978333,57.515535
4501.094444,56.547697
4501.279722,57.515535
4501.364167,57.515535
4501.570556,57.515535
4501.898611,57.515535
4502.068056,56.547697
4502.265,57.515535
4502.3025,57.515535
4502.487222,57.515535
4502.520278,57.515535
4502.754444,56.547697
4502.779722,56.547697
4502.971944,57.515535
4503.078333,57.515535
4503.252222,57.515535
4503.281944,57.515535
4503.368056,57.515535
4503.662222,57.515535
4503.901667,57.515535
4504.077222,57.515535
4504.265556,57.515535
4504.298333,57.515535
4504.491667,57.515535
4504.596944,57.515535
4504.815833,57.515535
4505.080278,57.515535
4505.117778,57.515535
4505.325556,57.515535
4505.373611,56.547697
4505.988611,57.515535
4506.095,57.515535
4506.291667,56.547697
4506.498056,57.515535
4506.594167,57.515535
4506.780278,57.515535
4506.979167,56.547697
4507.085556,56.547697
4507.271111,56.547697
4507.351389,56.547697
4507.888889,56.547697
4508.069444,56.547697
4508.26,56.547697
4508.288889,56.547697
4508.485833,56.547697
4508.595833,56.547697
4508.783333,56.547697
4508.995833,57.515535
4509.093889,57.515535
4509.281667,57.515535
4509.355833,57.515535
4509.898056,57.515535
4510.079722,57.515535
4510.275833,57.515535
4510.300833,57.515535
4510.496944,56.547697
4510.527222,56.547697
4510.750833,57.515535
4510.784167,57.515535
4510.994444,57.515535
4511.108889,56.547697
4511.325,57.515535
4511.373611,57.515535
4511.95,57.515535
4512.058611,57.515535
4512.257778,56.547697
4512.291111,56.547697
4512.491389,56.547697
4512.585833,57.515535
4512.786111,57.515535
4512.986111,56.547697
4513.086389,56.547697
4513.276111,57.515535
4513.354167,57.515535
4513.909444,56.547697
4514.098056,56.547697
4514.302778,57.515535
4514.507222,57.515535
4514.568611,57.515535
4514.764444,56.547697
4514.789444,56.547697
4514.978611,56.547697
4515.073056,56.547697
4515.265278,57.515535
4515.294444,57.515535
4515.376667,57.515535
4515.920556,56.547697
4516.059444,56.547697
4516.264444,56.547697
4516.293333,56.547697
4516.489722,56.547697
4516.514722,56.547697
4516.741389,57.515535
4516.809444,57.515535
4517.005833,57.515535
4517.073611,57.515535
4517.278333,57.515535
4517.303333,57.515535
4517.351389,57.515535
4517.909722,57.515535
4518.066111,57.515535
4518.278333,56.547697
4518.304167,56.547697
4518.496667,56.547697
4518.522222,57.515535
4518.611111,57.515535
4518.763333,57.515535
4518.788333,57.515535
4519.0,56.547697
4519.11,57.515535
4519.299444,57.515535
4519.381667,56.547697
4519.936667,56.547697
4520.076667,57.515535
4520.288056,57.515535
4520.495278,57.515535
4520.5875,56.547697
4520.711944,56.547697
4520.799167,56.547697
4520.995278,56.547697
4521.078333,57.515535
4521.302778,56.547697
4521.350833,56.547697
4521.758889,57.515535
4521.960278,56.547697
4522.077222,57.515535
4522.26,56.547697
4522.459722,56.547697
4522.566389,56.547697
4522.763333,56.547697
4522.796667,56.547697
4523.000278,56.547697
4523.073056,56.547697
4523.265,56.547697
4523.299444,56.547697
4523.346667,56.547697
4523.932778,56.547697
4524.069167,56.547697
4524.27,56.547697
4524.302778,56.547697
4524.503333,57.515535
4524.528889,57.515535
4524.769444,56.547697
4524.803333,56.547697
4524.99,56.547697
4525.057222,56.547697
4525.256111,56.547697
4525.281111,56.547697
4525.361667,56.547697
4525.982778,57.515535
4526.113333,56.547697
4526.288611,56.547697
4526.488611,56.547697
4526.548333,56.547697
4526.776111,56.547697
4526.8075,56.547697
4527.010278,56.547697
4527.084722,56.547697
4527.277222,56.547697
4527.374722,56.547697
4527.953056,56.547697
4528.066944,56.547697
4528.274444,56.547697
4528.303333,56.547697
4528.502222,56.547697
4528.565278,56.547697
4528.771389,56.547697
4528.808611,56.547697
4529.072222,56.547697
4529.107778,56.547697
4529.318611,56.547697
4529.362778,56.547697
4529.969444,56.547697
4530.083333,56.547697
4530.269444,56.547697
4530.458056,56.547697
4530.521944,56.547697
4530.743333,56.547697
4530.768611,57.515535
4530.9825,56.547697
4531.0825,56.547697
4531.280556,56.547697
4531.386667,56.547697
4531.923056,56.547697
4532.0625,56.547697
4532.266667,56.547697
4532.299444,57.515535
4532.526389,56.547697
4532.586944,56.547697
4532.795833,56.547697
4533.004722,57.515535
4533.075556,57.515535
4533.288333,56.547697
4533.319722,56.547697
4533.400833,57.515535
4534.069444,56.547697
4534.098333,56.547697
4534.289722,56.547697
4534.476111,56.547697
4534.568889,56.547697
4534.771389,56.547697
4534.796111,56.547697
4535.008333,56.547697
4535.070833,56.547697
4535.270556,56.547697
4535.303889,56.547697
4535.36,57.515535
4536.052222,57.515535
4536.118056,57.515535
4536.131667,56.547697
4536.338889,56.547697
4536.558056,56.547697
4536.742778,56.547697
4536.776389,56.547697
4536.966389,57.515535
4537.064722,57.515535
4537.255833,56.547697
4537.281667,56.547697
4537.369167,56.547697
4537.914167,56.547697
4538.057222,56.547697
4538.174167,56.547697
4538.264167,56.547697
4538.293889,56.547697
4538.464722,57.515535
4538.571389,57.515535
4538.776667,57.515535
4538.806111,57.515535
4539.001111,56.547697
4539.064444,56.547697
4539.266111,56.547697
4539.290833,57.515535
4539.373611,57.515535
4539.903333,56.547697
4540.088333,56.547697
4540.301667,56.547697
4540.506389,56.547697
4540.564444,56.547697
4540.773611,56.547697
4540.803056,56.547697
4541.489444,56.547697
4541.893056,56.547697
4542.158611,55.579858
4542.32,56.547697
4542.586667,57.515535
4542.793333,56.547697
4542.973889,56.547697
4543.136944,56.547697
4543.303889,56.547697
4543.360833,57.515535
4543.985833,56.547697
4544.085556,56.547697
4544.450556,56.547697
4544.622222,56.547697
4544.779167,56.547697
4544.968611,56.547697
4545.127222,56.547697
4545.317778,56.547697
4545.370278,56.547697
4545.983333,56.547697
4546.127222,56.547697
4546.331944,57.515535
4546.5125,56.547697
4546.750556,56.547697
4546.809722,57.515535
4547.005833,56.547697
4547.074167,56.547697
4547.9075,57.515535
4548.090556,56.547697
4548.289167,56.547697
4548.491667,56.547697
4548.594444,56.547697
4548.792222,57.515535
4548.986667,56.547697
4549.076667,56.547697
4549.265833,56.547697
4549.3125,56.547697
4549.391944,56.547697
4550.072778,57.515535
4550.11,56.547697
4550.318333,56.547697
4550.513056,56.547697
4550.600833,56.547697
4550.800556,56.547697
4551.003056,56.547697
4551.089722,56.547697
4551.296944,57.515535
4551.366111,57.515535
4552.096944,56.547697
4552.296944,56.547697
4552.494444,56.547697
4552.548333,56.547697
4552.779444,56.547697
4552.832778,56.547697
4553.098889,56.547697
4553.308056,56.547697
4553.377778,56.547697
4553.461667,56.547697
4554.083333,56.547697
4554.284444,56.547697
4554.5075,56.547697
4554.626111,56.547697
4554.791111,56.547697
4554.987222,56.547697
4555.1,56.547697
4555.300833,56.547697
4555.381667,56.547697
4555.738889,56.547697
4556.067222,56.547697
4556.115556,56.547697
4556.318611,57.515535
4556.510556,56.547697
4556.586667,56.547697
4556.782778,56.547697
4556.957222,57.515535
4557.073611,56.547697
4557.263333,56.547697
4557.310833,56.547697
4557.3775,56.547697
4558.060556,56.547697
4558.094167,56.547697
4558.304167,57.515535
4558.478056,56.547697
4558.573611,56.547697
4558.756389,56.547697
4558.8,56.547697
4558.976389,56.547697
4559.109167,56.547697
4559.300556,56.547697
4559.351111,56.547697
4559.957222,56.547697
4560.121389,57.515535
4560.286111,56.547697
4560.473889,56.547697
4560.581111,56.547697
4560.784722,57.515535
4560.978056,57.515535
4561.103056,57.515535
4561.328056,56.547697
4561.380833,56.547697
4561.967222,56.547697
4562.090556,56.547697
4562.285,56.547697
4562.465,57.515535
4562.585556,56.547697
4562.771111,56.547697
4562.952778,56.547697
4563.078333,57.515535
4563.283056,56.547697
4563.365278,56.547697
4563.902778,56.547697
4564.099167,57.515535
4564.295833,56.547697
4564.486111,56.547697
4564.591389,56.547697
4564.8125,56.547697
4565.081667,56.547697
4565.286944,56.547697
4565.369444,56.547697
4565.942222,56.547697
4566.085556,56.547697
4566.268611,57.515535
4566.491389,57.515535
4566.601944,56.547697
4566.82,56.547697
4567.088889,56.547697
4567.263333,56.547697
4567.35,56.547697
4567.963611,57.515535
4568.068056,56.547697
4568.267222,56.547697
4568.291944,56.547697
4568.484444,56.547697
4568.578333,57.515535
4568.797778,57.515535
4569.078333,56.547697
4569.266944,56.547697
4569.360556,56.547697
4569.855,56.547697
4569.914722,56.547697
4570.091389,56.547697
4570.294444,56.547697
4570.459722,56.547697
4570.581944,57.515535
4570.788333,57.515535
4570.990278,57.515535
4571.104444,57.515535
4571.310556,57.515535
4571.363056,56.547697
4571.953056,56.547697
4572.096667,56.547697
4572.270556,56.547697
4572.442778,57.515535
4572.525833,57.515535
4572.744167,56.547697
4572.777778,56.547697
4572.9625,57.515535
4573.058889,57.515535
4573.273889,56.547697
4573.303056,56.547697
4573.356667,56.547697
4573.968333,56.547697
4574.0725,56.547697
4574.273889,57.515535
4574.298611,57.515535
4574.507778,56.547697
4574.536667,56.547697
4574.778889,56.547697
4574.803611,56.547697
4574.990556,56.547697
4575.063611,57.515535
4575.251667,57.515535
4575.288333,57.515535
4575.378889,57.515535
4575.930556,57.515535
4576.013889,57.515535
4576.261389,56.547697
4576.29,57.515535
4576.505278,57.515535
4576.598333,57.515535
4576.784722,57.515535
4576.967778,57.515535
4577.078333,56.547697
4577.105556,56.547697
4577.318333,56.547697
4577.379444,56.547697
4578.006667,57.515535
4578.086111,57.515535
4578.286667,56.547697
4578.471944,57.515535
4578.589722,57.515535
4578.795833,56.547697
4578.996944,56.547697
4579.101111,57.515535
4579.299722,57.515535
4579.373611,56.547697
4579.939444,56.547697
4580.083611,57.515535
4580.271944,56.547697
4580.478889,57.515535
4580.575,56.547697
4580.772222,57.515535
4580.801389,57.515535
4581.007778,56.547697
4581.075278,56.547697
4581.287778,57.515535
4581.317222,57.515535
4581.377778,56.547697
4581.958333,57.515535
4582.079722,57.515535
4582.281111,57.515535
4582.482778,56.547697
4582.573056,56.547697
4582.765,56.547697
4582.796389,56.547697
4582.994722,56.547697
4583.095,56.547697
4583.305278,56.547697
4583.353333,56.547697
4583.936389,56.547697
4584.085556,56.547697
4584.293056,56.547697
4584.493889,57.515535
4584.586389,57.515535
4584.788056,57.515535
4584.989722,57.515535
4585.090278,57.515535
4585.276667,57.515535
4585.3225,57.515535
4585.359167,57.515535
4585.896667,56.547697
4586.072778,56.547697
4586.261667,57.515535
4586.295,56.547697
4586.487222,56.547697
4586.586667,57.515535
4586.786389,57.515535
4586.993611,57.515535
4587.099444,57.515535
4587.294444,56.547697
4587.376389,56.547697
4587.669167,56.547697
4587.905833,56.547697
4588.087222,56.547697
4588.283889,57.515535
4588.484722,56.547697
4588.577778,56.547697
4588.787778,56.547697
4588.962778,57.515535
4589.064722,57.515535
4589.25,56.547697
4589.275,56.547697
4589.356944,56.547697
4589.944167,56.547697
4590.088333,56.547697
4590.276667,56.547697
4590.486944,56.547697
4590.576111,57.515535
4590.795,56.547697
4590.82,56.547697
4591.066389,57.515535
4591.103333,57.515535
4591.316111,56.547697
4591.360833,56.547697
4591.951944,57.515535
4592.064722,56.547697
4592.286667,56.547697
4592.316389,56.547697
4592.504722,56.547697
4592.563056,56.547697
4592.744167,56.547697
4592.769167,56.547697
4592.978611,56.547697
4593.085,56.547697
4593.281111,57.515535
4593.374167,56.547697
4593.980833,57.515535
4594.100556,56.547697
4594.319722,57.515535
4594.511944,56.547697
4594.545833,56.547697
4594.782778,57.515535
4594.810833,57.515535
4594.994444,56.547697
4595.069444,56.547697
4595.258611,56.547697
4595.296111,56.547697
4595.371389,56.547697
4595.9025,56.547697
4596.070556,56.547697
4596.275,56.547697
4596.311944,56.547697
4596.507778,57.515535
4596.533056,56.547697
4596.757778,56.547697
4596.7875,56.547697
4596.977222,56.547697
4597.072222,56.547697
4597.260556,57.515535
4597.289444,57.515535
4597.368611,56.547697
4597.908056,57.515535
4598.074722,56.547697
4598.098333,56.547697
4598.126389,56.547697
4598.1525,56.547697
4598.185,56.547697
4598.387222,56.547697
4598.532222,56.547697
4598.75,56.547697
4598.789722,56.547697
4598.973056,56.547697
4599.084722,56.547697
4599.151944,57.515535
4599.319722,56.547697
4599.375556,56.547697
4599.961667,57.515535
4600.088611,57.515535
4600.298333,56.547697
4600.489722,56.547697
4600.533333,56.547697
4600.748889,56.547697
4600.7925,56.547697
4600.986389,56.547697
4601.118889,56.547697
4601.309167,56.547697
4601.3625,56.547697
4601.976667,56.547697
4602.056111,56.547697
4602.254444,56.547697
4602.3025,56.547697
4602.485833,57.515535
4602.566667,56.547697
4602.763889,56.547697
4602.804722,56.547697
4602.998333,56.547697
4603.083611,56.547697
4603.291944,56.547697
4603.373333,56.547697
4603.922222,56.547697
4604.068056,56.547697
4604.250556,56.547697
4604.290278,56.547697
4604.490833,56.547697
4604.605556,56.547697
4604.812222,56.547697
4604.988889,56.547697
4605.067222,56.547697
4605.254167,57.515535
4605.301944,57.515535
4605.3575,56.547697
4605.963333,56.547697
4606.091389,56.547697
4606.288889,56.547697
4606.500556,56.547697
4606.598889,57.515535
4606.806389,56.547697
4607.010833,57.515535
4607.094167,56.547697
4607.303333,57.515535
4607.364722,56.547697
4607.961944,56.547697
4608.079722,56.547697
4608.312778,56.547697
4608.503056,57.515535
4608.584167,57.515535
4608.811111,56.547697
4609.003056,56.547697
4609.061389,56.547697
4609.078056,56.547697
4609.294167,56.547697
4609.376111,57.515535
4609.919444,57.515535
4610.078889,56.547697
4610.286389,56.547697
4610.4625,56.547697
4610.535,56.547697
4610.758611,56.547697
4610.813611,56.547697
4611.056111,57.515535
4611.099167,57.515535
4611.225278,57.515535
4611.32,57.515535
4611.368889,57.515535
4611.943889,57.515535
4612.081667,57.515535
4612.301944,57.515535
4612.488611,57.515535
4612.561667,57.515535
4612.743611,56.547697
4612.783333,56.547697
4612.974722,57.515535
4613.083056,57.515535
4613.289444,57.515535
4613.372222,57.515535
4613.914444,56.547697
4614.124167,56.547697
4614.311667,56.547697
4614.501944,57.515535
4614.583889,57.515535
4614.790833,57.515535
4614.989167,56.547697
4615.112778,56.547697
4615.321667,57.515535
4615.365556,56.547697
4615.952222,56.547697
4616.101667,57.515535
4616.2875,56.547697
4616.487778,57.515535
4616.610278,57.515535
4616.810833,56.547697
4616.986111,56.547697
4617.089444,56.547697
4617.276111,56.547697
4617.354167,56.547697
4617.893056,56.547697
4617.981667,56.547697
4618.100278,56.547697
4618.3,56.547697
4618.4325,56.547697
4618.519167,56.547697
4618.585833,56.547697
4618.793333,56.547697
4618.975556,56.547697
4619.01,56.547697
4619.249444,56.547697
4619.279167,56.547697
4619.353611,56.547697
4619.880833,56.547697
4620.063889,56.547697
4620.253333,56.547697
4620.278889,56.547697
4620.477778,56.547697
4620.595,56.547697
4620.788611,56.547697
4620.987778,56.547697
4621.092222,56.547697
4621.291111,56.547697
4621.37,56.547697
4621.949722,56.547697
4622.099167,56.547697
4622.304167,56.547697
4622.490833,57.515535
4622.518333,57.515535
4622.768333,56.547697
4622.8025,56.547697
4622.993889,56.547697
4623.058056,56.547697
4623.272778,56.547697
4623.311111,56.547697
4623.406111,56.547697
4624.15,56.547697
4624.290833,56.547697
4624.516111,56.547697
4624.614444,56.547697
4624.778889,56.547697
4625.006111,56.547697
4625.11,56.547697
4625.288889,56.547697
4625.388611,56.547697
4625.958889,56.547697
4626.078056,56.547697
4626.343333,56.547697
4626.571389,56.547697
4626.772222,56.547697
4626.803611,56.547697
4626.866944,56.547697
4627.066944,56.547697
4627.0925,56.547697
4627.305556,56.547697
4627.354167,56.547697
4627.745278,56.547697
4628.006389,56.547697
4628.073056,56.547697
4628.296389,56.547697
4628.331111,56.547697
4628.536111,57.515535
4628.783611,56.547697
4628.818611,56.547697
4629.066389,56.547697
4629.095278,56.547697
4629.317778,57.515535
4629.377222,57.515535
4630.080556,56.547697
4630.296389,56.547697
4630.492778,57.515535
4630.584722,57.515535
4630.789444,57.515535
4631.055833,56.547697
4631.110833,57.515535
4631.282778,56.547697
4631.368889,56.547697
4631.9375,56.547697
4632.087222,56.547697
4632.290833,56.547697
4632.507778,56.547697
4632.612222,56.547697
4632.832778,56.547697
4633.081389,57.515535
4633.291667,57.515535
4633.369722,57.515535
4633.929722,56.547697
4634.098333,56.547697
4634.313889,57.515535
4634.570833,56.547697
4634.596667,56.547697
4634.789722,56.547697
4634.989167,57.515535
4635.101111,57.515535
4635.311389,57.515535
4635.359444,57.515535
4635.939444,57.515535
4636.084167,56.547697
4636.310278,56.547697
4636.505278,56.547697
4636.571389,56.547697
4636.774444,57.515535
4636.799444,56.547697
4636.998611,56.547697
4637.094722,56.547697
4637.285,56.547697
4637.3725,56.547697
4637.946667,56.547697
4638.097222,56.547697
4638.300833,56.547697
4638.511944,56.547697
4638.577778,57.515535
4638.791944,57.515535
4639.008333,56.547697
4639.114444,56.547697
4639.282778,57.515535
4639.372778,56.547697
4639.923056,57.515535
4640.075556,56.547697
4640.285,56.547697
4640.31,56.547697
4640.508056,57.515535
4640.570833,56.547697
4640.780556,57.515535
4640.81,56.547697
4641.002778,57.515535
4641.085833,56.547697
4641.291111,56.547697
4641.370556,56.547697
4641.944722,56.547697
4642.075278,56.547697
4642.290278,56.547697
4642.32,56.547697
4642.506389,56.547697
4642.535278,56.547697
4642.600833,56.547697
4642.790278,56.547697
4642.819167,56.547697
4643.065556,56.547697
4643.090556,56.547697
4643.286667,56.547697
4643.361944,56.547697
4643.948056,56.547697
4644.123056,56.547697
4644.320833,56.547697
4644.514722,56.547697
4644.573333,56.547697
4644.698333,56.547697
4644.780833,56.547697
4644.811944,56.547697
4645.074167,56.547697
4645.099167,56.547697
4645.305833,56.547697
4645.385,56.547697
4646.001667,56.547697
4646.083056,56.547697
4646.288889,56.547697
4646.497778,56.547697
4646.59,56.547697
4646.797778,57.515535
4646.991944,57.515535
4647.0625,56.547697
4647.253889,56.547697
4647.287778,56.547697
4647.362778,57.515535
4647.916111,57.515535
4648.083333,56.547697
4648.288056,56.547697
4648.522778,56.547697
4648.623889,56.547697
4648.785833,56.547697
4648.989722,56.547697
4649.091944,56.547697
4649.273056,57.515535
4649.351111,57.515535
4649.88,57.515535
4650.003056,57.515535
4650.281111,56.547697
4650.318056,56.547697
4650.510278,56.547697
4650.535278,56.547697
4650.780278,56.547697
4650.814167,56.547697
4651.074444,56.547697
4651.102778,56.547697
4651.313056,56.547697
4651.375278,56.547697
4651.9975,56.547697
4652.075,56.547697
4652.29,56.547697
4652.318889,56.547697
4652.526944,56.547697
4652.601944,56.547697
4652.803056,57.515535
4652.994167,56.547697
4653.058611,57.515535
4653.26,56.547697
4653.29,56.547697
4653.373056,56.547697
4653.931389,56.547697
4654.063056,56.547697
4654.275278,56.547697
4654.301111,56.547697
4654.508333,56.547697
4654.588889,57.515535
4654.789167,57.515535
4654.988333,56.547697
4655.103611,57.515535
4655.3075,56.547697
4655.351389,56.547697
4655.949722,56.547697
4656.078056,56.547697
4656.269167,57.515535
4656.471944,57.515535
4656.528056,56.547697
4656.7675,56.547697
4656.792222,56.547697
4656.991667,57.515535
4657.096389,57.515535
4657.294722,56.547697
4657.378056,57.515535
4657.966111,56.547697
4658.0975,57.515535
4658.302222,57.515535
4658.496389,57.515535
4658.525278,56.547697
4658.795556,56.547697
4658.828611,56.547697
4659.071667,56.547697
4659.096667,57.515535
4659.293333,57.515535
4659.309167,57.515535
4659.375833,57.515535
4659.9225,56.547697
4660.061389,56.547697
4660.255833,56.547697
4660.285,56.547697
4660.485833,56.547697
4660.588611,56.547697
4660.783889,57.515535
4660.971944,57.515535
4661.089722,57.515535
4661.303333,57.515535
4661.351389,57.515535
4661.644722,57.515535
4661.943889,56.547697
4662.093056,56.547697
4662.29,57.515535
4662.492222,57.515535
4662.602222,57.515535
4662.813056,56.547697
4663.063611,57.515535
4663.088611,57.515535
4663.276111,56.547697
4663.369167,56.547697
4663.926111,57.515535
4664.078333,56.547697
4664.296944,56.547697
4664.551111,57.515535
4664.576667,57.515535
4664.781111,56.547697
4664.969444,57.515535
4665.076944,56.547697
4665.278889,57.515535
4665.352778,57.515535
4665.9025,56.547697
4666.064722,56.547697
4666.262778,56.547697
4666.299722,57.515535
4666.492222,56.547697
4666.585278,57.515535
4666.800833,57.515535
4666.996944,56.547697
4667.071944,56.547697
4667.2575,56.547697
4667.2825,56.547697
4667.369167,56.547697
4667.9125,57.515535
4668.091667,56.547697
4668.283056,56.547697
4668.493889,56.547697
4668.604444,57.515535
4668.796389,56.547697
4668.979722,56.547697
4669.081667,56.547697
4669.280556,56.547697
4669.360278,56.547697
4669.900833,57.515535
4670.097778,56.547697
4670.290556,56.547697
4670.496111,56.547697
4670.61,56.547697
4670.815,56.547697
4671.013056,57.515535
4671.076667,57.515535
4671.276667,56.547697
4671.309444,56.547697
4671.361111,56.547697
4671.970833,56.547697
4672.080278,56.547697
4672.266389,56.547697
4672.4575,57.515535
4672.528611,57.515535
4672.743889,57.515535
4672.783889,57.515535
4672.963889,56.547697
4673.0825,56.547697
4673.286389,56.547697
4673.365278,56.547697
4673.905,56.547697
4674.089444,56.547697
4674.278056,56.547697
4674.459167,57.515535
4674.530556,57.515535
4674.768056,56.547697
4674.802222,56.547697
4675.007222,56.547697
4675.083333,56.547697
4675.279444,57.515535
4675.358333,57.515535
4675.938889,56.547697
4676.078889,56.547697
4676.272778,56.547697
4676.2975,56.547697
4676.491667,56.547697
4676.587778,57.515535
4676.784167,56.547697
4676.960278,56.547697
4677.059722,56.547697
4677.267778,57.515535
4677.296389,57.515535
4677.347778,56.547697
4677.936667,56.547697
4678.0975,57.515535
4678.303056,56.547697
4678.498611,56.547697
4678.523611,56.547697
4678.747778,56.547697
4678.773333,56.547697
4678.972778,57.515535
4679.081111,57.515535
4679.27,57.515535
4679.351944,57.515535
4679.901111,56.547697
4680.085,56.547697
4680.297222,56.547697
4680.495,56.547697
4680.601389,56.547697
4680.800556,57.515535
4681.002222,57.515535
4681.073889,57.515535
4681.275278,56.547697
4681.300278,56.547697
4681.386389,56.547697
4681.940833,57.515535
4682.071667,56.547697
4682.277778,57.515535
4682.310556,57.515535
4682.519167,57.515535
4682.581944,57.515535
4682.799722,57.515535
4682.993333,57.515535
4683.070278,57.515535
4683.288889,56.547697
4683.323889,56.547697
4683.375833,56.547697
4683.970833,56.547697
4684.099722,57.515535
4684.300833,57.515535
4684.485833,57.515535
4684.530833,57.515535
4684.760833,56.547697
4684.806667,56.547697
4684.996944,56.547697
4685.079167,56.547697
4685.286667,57.515535
4685.365556,57.515535
4685.930556,56.547697
4686.097778,56.547697
4686.293611,57.515535
4686.497222,57.515535
4686.603056,57.515535
4686.796667,57.515535
4686.985833,57.515535
4687.097778,57.515535
4687.302778,56.547697
4687.354722,56.547697
4687.927778,56.547697
4688.078056,57.515535
4688.276944,57.515535
4688.4625,56.547697
4688.554722,56.547697
4688.758333,56.547697
4688.791389,56.547697
4688.996667,57.515535
4689.091111,56.547697
4689.276944,56.547697
4689.368333,57.515535
4689.910556,56.547697
4690.095833,57.515535
4690.293611,56.547697
4690.491667,56.547697
4690.591944,57.515535
4690.783056,56.547697
4690.972222,56.547697
4691.075833,57.515535
4691.275,57.515535
4691.3125,57.515535
4691.369444,56.547697
4691.974167,57.515535
4692.0875,57.515535
4692.286944,57.515535
4692.476667,57.515535
4692.543333,56.547697
4692.770278,56.547697
4692.810556,56.547697
4693.003056,56.547697
4693.0825,56.547697
4693.2875,56.547697
4693.365833,56.547697
4693.916667,56.547697
4694.067222,56.547697
4694.263889,56.547697
4694.293333,56.547697
4694.476389,56.547697
4694.57,56.547697
4694.766944,56.547697
4694.792222,56.547697
4694.996389,56.547697
4695.101111,57.515535
4695.285278,57.515535
4695.373333,56.547697
4695.916944,56.547697
4696.099167,56.547697
4696.273611,56.547697
4696.461944,56.547697
4696.595278,57.515535
4696.786667,56.547697
4696.962222,56.547697
4697.086389,56.547697
4697.270278,56.547697
4697.356944,56.547697
4697.927778,56.547697
4698.1,56.547697
4698.281389,56.547697
4698.468611,57.515535
4698.590556,56.547697
4698.76,56.547697
4698.9425,56.547697
4699.075833,56.547697
4699.300556,56.547697
4699.325556,56.547697
4699.373333,56.547697
4699.976944,57.515535
4700.076667,56.547697
4700.280556,56.547697
4700.479722,57.515535
4700.585556,57.515535
4700.789167,56.547697
4700.986111,56.547697
4701.084167,56.547697
4701.277222,56.547697
4701.366389,57.515535
4701.944444,56.547697
4702.096667,56.547697
4702.311944,56.547697
4702.561944,56.547697
4702.590833,56.547697
4702.805278,56.547697
4703.072222,56.547697
4703.097222,56.547697
4703.289444,56.547697
4703.376944,56.547697
4703.923611,56.547697
4704.085278,57.515535
4704.285,57.515535
4704.49,57.515535
4704.597778,57.515535
4704.791944,56.547697
4704.989444,56.547697
4705.085556,56.547697
4705.287222,56.547697
4705.365833,56.547697
4705.900556,56.547697
4706.111944,57.515535
4706.303056,56.547697
4706.494722,56.547697
4706.586944,56.547697
4706.798611,57.515535
4706.979444,57.515535
4707.113611,57.515535
4707.317222,56.547697
4707.369167,56.547697
4707.969444,56.547697
4708.103333,56.547697
4708.287778,56.547697
4708.500278,57.515535
4708.6225,56.547697
4708.815833,56.547697
4709.105,56.547697
4709.289167,57.515535
4709.3675,56.547697
4709.929167,57.515535
4710.121389,57.515535
4710.289444,57.515535
4710.500278,57.515535
4710.625556,57.515535
4710.817778,56.547697
4711.093611,57.515535
4711.293611,56.547697
4711.367778,56.547697
4712.060278,56.547697
4712.124722,56.547697
4712.294167,57.515535
4712.507778,56.547697
4712.611111,56.547697
4712.797222,56.547697
4712.9825,57.515535
4713.086667,56.547697
4713.301667,57.515535
4713.345833,56.547697
4713.970556,56.547697
4714.079167,56.547697
4714.279444,57.515535
4714.466111,57.515535
4714.527222,57.515535
4714.748056,56.547697
4714.773056,56.547697
4714.976944,57.515535
4715.080278,56.547697
4715.284444,56.547697
4715.367778,56.547697
4715.938889,56.547697
4716.077778,56.547697
4716.268333,57.515535
4716.455556,56.547697
4716.510556,56.547697
4716.73,57.515535
4716.793056,57.515535
4716.995556,57.515535
4717.104167,57.515535
4717.283889,57.515535
4717.370833,57.515535
4717.935,56.547697
4718.086667,56.547697
4718.275278,56.547697
4718.463056,56.547697
4718.521667,56.547697
4718.756111,56.547697
4718.781111,56.547697
4718.995833,56.547697
4719.103889,57.515535
4719.290278,57.515535
4719.376389,56.547697
4719.913333,57.515535
4720.085556,57.515535
4720.276111,57.515535
4720.456111,56.547697
4720.529167,56.547697
4720.769444,56.547697
4720.794444,56.547697
4720.991667,56.547697
4721.069167,56.547697
4721.264167,56.547697
4721.296389,56.547697
4721.38,56.547697
4722.058889,57.515535
4722.091667,57.515535
4722.301667,57.515535
4722.495,57.515535
4722.570556,57.515535
4722.792222,57.515535
4722.832778,57.515535
4723.081111,56.547697
4723.268333,56.547697
4723.369722,56.547697
4723.948889,57.515535
4724.098333,57.515535
4724.282222,56.547697
4724.474722,57.515535
4724.578333,57.515535
4724.774444,56.547697
4724.974722,56.547697
4725.075556,56.547697
4725.263611,56.547697
4725.2925,56.547697
4725.373056,57.515535
4725.95,56.547697
4726.067222,57.515535
4726.270556,56.547697
4726.299444,57.515535
4726.503056,56.547697
4726.612222,57.515535
4726.805278,57.515535
4727.056389,56.547697
4727.085833,56.547697
4727.300833,57.515535
4727.346389,57.515535
4727.968889,57.515535
4728.073611,57.515535
4728.308889,57.515535
4728.337778,57.515535
4728.582222,57.515535
4728.782778,57.515535
4729.001944,57.515535
4729.116667,57.515535
4729.290833,56.547697
4729.374444,56.547697
4729.978333,57.515535
4730.147778,57.515535
4730.31,57.515535
4730.503889,57.515535
4730.588889,56.547697
4730.797778,56.547697
4731.005278,57.515535
4731.078056,57.515535
4731.28,57.515535
4731.355278,57.515535
4731.954722,56.547697
4732.106389,56.547697
4732.289167,57.515535
4732.495278,57.515535
4732.595556,56.547697
4732.794167,57.515535
4733.071389,57.515535
4733.118611,57.515535
4733.334167,57.515535
4733.382222,57.515535
4734.004444,57.515535
4734.113889,57.515535
4734.311111,57.515535
4734.581111,56.547697
4734.7875,57.515535
4735.003889,57.515535
4735.11,56.547697
4735.313056,57.515535
4735.361667,57.515535
4735.986389,57.515535
4736.099444,57.515535
4736.326944,57.515535
4736.581111,57.515535
4736.803889,57.515535
4737.070556,56.547697
4737.099444,56.547697
4737.299722,56.547697
4737.3825,56.547697
4737.959444,57.515535
4738.213889,57.515535
4738.401944,57.515535
4738.585278,56.547697
4738.803333,56.547697
4739.055556,56.547697
4739.081389,56.547697
4739.294167,57.515535
4739.380278,57.515535
4739.953333,56.547697
4740.101667,57.515535
4740.304444,56.547697
4740.5125,56.547697
4740.575278,56.547697
4740.7925,57.515535
4740.8175,57.515535
4741.051667,57.515535
4741.076667,57.515535
4741.302222,57.515535
4741.387222,57.515535
4742.103333,56.547697
4742.315556,56.547697
4742.567778,57.515535
4742.596667,57.515535
4742.805556,57.515535
4743.130556,57.515535
4743.354444,57.515535
4743.864167,56.547697
4744.118333,56.547697
4744.302778,56.547697
4744.5225,56.547697
4744.586389,57.515535
4744.795833,57.515535
4745.062222,57.515535
4745.122222,57.515535
4745.308889,56.547697
4745.375,56.547697
4746.081944,57.515535
4746.3,57.515535
4746.506944,57.515535
4746.577222,57.515535
4746.798889,56.547697
4746.824722,56.547697
4747.090278,56.547697
4747.314167,56.547697
4747.385556,56.547697
4748.071944,56.547697
4748.101111,56.547697
4748.341944,57.515535
4748.585556,57.515535
4748.805278,56.547697
4749.017222,56.547697
4749.081667,57.515535
4749.303333,57.515535
4749.365,57.515535
4750.066111,57.515535
4750.096111,57.515535
4750.339444,57.515535
4750.574444,56.547697
4750.805278,57.515535
4750.830556,57.515535
4751.083889,56.547697
4751.305278,57.515535
4751.358889,57.515535
4751.998333,57.515535
4752.103611,57.515535
4752.348611,57.515535
4752.6025,57.515535
4752.828889,57.515535
4753.113889,56.547697
4753.351944,57.515535
4753.780556,57.515535
4754.001944,56.547697
4754.11,56.547697
4754.314444,56.547697
4754.324167,57.515535
4754.588611,57.515535
4754.791111,57.515535
4755.081111,56.547697
4755.303056,57.515535
4755.3475,57.515535
4755.979444,57.515535
4756.087222,56.547697
4756.318056,56.547697
4756.463056,56.547697
4756.538056,57.515535
4756.601667,57.515535
4756.829722,57.515535
4757.107778,57.515535
4757.354722,57.515535
4757.8325,57.515535
4758.115556,56.547697
4758.3525,57.515535
4758.602222,56.547697
4758.835,57.515535
4759.105,57.515535
4759.305,56.547697
4759.348889,56.547697
4759.9575,57.515535
4760.103333,57.515535
4760.3275,56.547697
4760.578056,57.515535
4760.790278,56.547697
4761.006944,56.547697
4761.110556,57.515535
4761.297778,56.547697
4761.350278,56.547697
4761.976389,56.547697
4762.098056,56.547697
4762.298333,57.515535
4762.516111,56.547697
4762.587222,56.547697
4762.821389,57.515535
4763.057222,57.515535
4763.095556,57.515535
4763.3175,56.547697
4763.3975,57.515535
4764.104444,56.547697
4764.317222,57.515535
4764.560556,57.515535
4764.595278,57.515535
4764.824444,57.515535
4765.0925,56.547697
4765.149722,56.547697
4765.325,57.515535
4765.387778,56.547697
4766.133056,57.515535
4766.319444,57.515535
4766.563333,57.515535
4766.599722,57.515535
4766.833056,57.515535
4767.116944,57.515535
4767.29,56.547697
4767.380833,56.547697
4768.086389,57.515535
4768.316667,57.515535
4768.608333,57.515535
4768.849444,57.515535
4769.138333,57.515535
4769.371111,57.515535
4769.928889,57.515535
4770.197222,57.515535
4770.319722,57.515535
4770.628333,57.515535
4770.833056,57.515535
4771.178889,57.515535
4771.366944,57.515535
4771.848889,57.515535
4772.050556,57.515535
4772.123889,57.515535
4772.306389,57.515535
4772.573056,57.515535
4772.608056,57.515535
4772.832778,57.515535
4773.108611,57.515535
4773.300556,57.515535
4773.367222,57.515535
4773.990278,57.515535
4774.115,57.515535
4774.225278,57.515535
4774.311389,57.515535
4774.595833,56.547697
4774.840556,57.515535
4775.131389,57.515535
4775.350833,57.515535
4775.900833,57.515535
4776.170278,57.515535
4776.324167,57.515535
4776.585,57.515535
4776.827222,56.547697
4777.111667,56.547697
4777.311389,57.515535
4777.368889,57.515535
4777.973889,57.515535
4778.121389,57.515535
4778.340833,57.515535
4778.586667,57.515535
4778.805556,57.515535
4779.075833,57.515535
4779.111111,57.515535
4779.350278,57.515535
4779.792222,57.515535
4780.008333,57.515535
4780.095556,57.515535
4780.324167,57.515535
4780.614444,57.515535
4780.831389,57.515535
4781.116667,57.515535
4781.308889,57.515535
4781.361944,57.515535
4782.061944,57.515535
4782.142778,57.515535
4782.345,57.515535
4782.606667,57.515535
4782.793611,57.515535
4782.869722,57.515535
4783.117778,57.515535
4783.325278,57.515535
4783.386944,57.515535
4784.128611,57.515535
4784.350833,57.515535
4784.605278,57.515535
4784.8025,57.515535
4785.089167,56.547697
4785.350278,57.515535
4785.833889,57.515535
4786.109444,57.515535
4786.327778,57.515535
4786.594167,56.547697
4786.808611,57.515535
4786.890278,57.515535
4787.106944,57.515535
4787.350278,57.515535
4787.806944,57.515535
4788.073056,57.515535
4788.111111,57.515535
4788.344444,57.515535
4788.596111,57.515535
4788.681667,57.515535
4788.860833,57.515535
4789.120833,57.515535
4789.318056,57.515535
4789.372222,57.515535
4789.430556,57.515535
4790.01,57.515535
4790.11,57.515535
4790.3,56.547697
4790.503889,56.547697
4790.610833,57.515535
4790.831667,57.515535
4791.096667,57.515535
4791.308333,57.515535
4791.36,57.515535
4791.715278,57.515535
4792.100833,57.515535
4792.314722,57.515535
4792.523889,57.515535
4792.586944,57.515535
4792.796111,57.515535
4793.058056,57.515535
4793.118611,57.515535
4793.35,57.515535
4793.809722,57.515535
4794.096111,57.515535
4794.303333,57.515535
4794.519722,57.515535
4794.578889,57.515535
4794.8125,56.547697
4795.234722,57.515535
4795.375833,57.515535
4795.886667,57.515535
4796.143333,57.515535
4796.313889,57.515535
4796.516944,57.515535
4796.58,57.515535
4796.806667,57.515535
4797.070556,57.515535
4797.103611,57.515535
4797.323889,57.515535
4797.387222,57.515535
4798.1125,57.515535
4798.331111,57.515535
4798.596111,57.515535
4798.813333,57.515535
4799.088611,57.515535
4799.298889,57.515535
4799.3825,57.515535
4800.07,57.515535
4800.138056,57.515535
4800.343333,57.515535
4800.616667,57.515535
4800.818056,56.547697
4801.095556,57.515535
4801.350833,57.515535
4801.817222,57.515535
4802.101111,57.515535
4802.34,57.515535
4802.598889,57.515535
4802.808333,57.515535
4803.085,57.515535
4803.311944,57.515535
4803.373611,57.515535
4804.067222,57.515535
4804.130556,57.515535
4804.338611,57.515535
4804.591944,57.515535
4804.825833,56.547697
4805.095278,57.515535
4805.305556,57.515535
4805.357222,57.515535
4806.060278,56.547697
4806.116667,57.515535
4806.324167,56.547697
4806.609722,56.547697
4806.6375,57.515535
4806.855278,57.515535
4807.089722,57.515535
4807.320278,57.515535
4807.376111,57.515535
4808.096667,57.515535
4808.327222,57.515535
4808.5925,57.515535
4808.746111,57.515535
4808.807222,57.515535
4809.081667,57.515535
4809.323333,57.515535
4809.375278,56.547697
4810.066667,57.515535
4810.121667,57.515535
4810.309167,57.515535
4810.570556,57.515535
4810.601389,57.515535
4810.833056,56.547697
4811.097778,57.515535
4811.307778,57.515535
4811.390833,57.515535
4812.157778,57.515535
4812.311667,57.515535
4812.565556,56.547697
4812.616944,56.547697
4812.861111,57.515535
4813.153333,56.547697
4813.401111,57.515535
4813.925278,57.515535
4814.201111,57.515535
4814.345556,57.515535
4814.613889,57.515535
4814.831667,57.515535
4815.118611,57.515535
4815.320833,56.547697
4815.440556,57.515535
4816.221111,56.547697
4816.311111,56.547697
4816.598611,56.547697
4816.865,56.547697
4817.172778,56.547697
4817.380556,56.547697
4817.936389,57.515535
4818.244167,56.547697
4818.3675,56.547697
4818.674722,57.515535
4818.8675,57.515535
4819.141389,56.547697
4819.383056,57.515535
4819.9575,57.515535
4820.223889,57.515535
4820.326944,57.515535
4820.622222,57.515535
4820.845833,57.515535
4821.118889,57.515535
4821.319167,56.547697
4821.408056,57.515535
4822.161389,56.547697
4822.329167,57.515535
4822.58,57.515535
4822.818889,56.547697
4823.101389,57.515535
4823.349444,57.515535
4823.805556,56.547697
4824.059722,57.515535
4824.098333,57.515535
4824.325,56.547697
4824.59,56.547697
4824.823889,56.547697
4824.834167,56.547697
4825.098889,57.515535
4825.323889,57.515535
4825.367778,57.515535
4826.067222,57.515535
4826.131944,57.515535
4826.326944,57.515535
4826.581389,57.515535
4826.833611,57.515535
4826.987222,57.515535
4827.108889,57.515535
4827.429167,57.515535
4827.831667,57.515535
4828.123333,57.515535
4828.330833,57.515535
4828.613333,57.515535
4828.837778,57.515535
4829.111111,57.515535
4829.320278,57.515535
4829.380278,57.515535
4830.070278,57.515535
4830.103889,56.547697
4830.321667,56.547697
4830.586667,56.547697
4830.816111,57.515535
4831.0925,57.515535
4831.303611,56.547697
4831.355833,57.515535
4831.999444,57.515535
4832.1025,57.515535
4832.320556,56.547697
4832.576389,57.515535
4832.601111,57.515535
4832.831944,56.547697
4833.104722,56.547697
4833.321111,57.515535
4833.377222,57.515535
4834.058889,57.515535
4834.121944,57.515535
4834.305278,57.515535
4834.563333,56.547697
4834.593056,56.547697
4834.810278,57.515535
4835.068056,57.515535
4835.093056,57.515535
4835.312778,57.515535
4835.360833,57.515535
4836.083333,57.515535
4836.312222,57.515535
4836.571111,56.547697
4836.600556,56.547697
4836.841389,57.515535
4837.093333,57.515535
4837.320278,56.547697
4837.380556,56.547697
4838.098333,57.515535
4838.3075,57.515535
4838.589167,56.547697
4838.833611,57.515535
4839.098056,56.547697
4839.423889,57.515535
4839.82,57.515535
4840.09,57.515535
4840.311667,57.515535
4840.600556,56.547697
4840.811111,57.515535
4841.078333,57.515535
4841.297222,57.515535
4841.389167,57.515535
4842.069444,57.515535
4842.124167,57.515535
4842.138056,57.515535
4842.3125,57.515535
4842.592222,57.515535
4842.803056,57.515535
4843.095556,57.515535
4843.298889,57.515535
4843.366111,57.515535
4844.116944,57.515535
4844.264722,57.515535
4844.338056,57.515535
4844.607222,57.515535
4844.808333,56.547697
4845.0925,57.515535
4845.306111,57.515535
4845.3725,56.547697
4846.098056,57.515535
4846.323889,56.547697
4846.585,57.515535
4846.823889,57.515535
4847.119722,56.547697
4847.357222,57.515535
4847.830833,57.515535
4848.100833,57.515535
4848.323889,57.515535
4848.581389,56.547697
4848.810556,56.547697
4849.083056,57.515535
4849.325278,57.515535
4849.377222,57.515535
4850.075278,57.515535
4850.155833,57.515535
4850.36,57.515535
4850.643333,57.515535
4850.8325,56.547697
4851.121667,57.515535
4851.325833,57.515535
4851.377778,57.515535
4851.993611,56.547697
4852.121944,56.547697
4852.346944,57.515535
4852.584444,57.515535
4852.815278,57.515535
4853.082778,57.515535
4853.305833,56.547697
4853.354722,57.515535
4854.016389,57.515535
4854.125278,57.515535
4854.313333,57.515535
4854.525278,57.515535
4854.592222,57.515535
4854.821111,57.515535
4855.096111,57.515535
4855.299167,57.515535
4855.351111,57.515535
4856.056389,57.515535
4856.123333,57.515535
4856.318611,56.547697
4856.588056,56.547697
4856.819167,57.515535
4857.098889,56.547697
4857.298056,57.515535
4857.35,57.515535
4857.973889,57.515535
4858.099722,57.515535
4858.308611,56.547697
4858.526667,57.515535
4858.590556,57.515535
4858.820556,56.547697
4859.106111,57.515535
4859.313333,56.547697
4859.371944,56.547697
4859.434167,56.547697
4860.071944,57.515535
4860.105833,57.515535
4860.319722,57.515535
4860.583333,57.515535
4860.798056,57.515535
4861.008889,57.515535
4861.104722,57.515535
4861.347222,57.515535
4861.677222,57.515535
4861.828611,57.515535
4862.093889,57.515535
4862.315278,56.547697
4862.515556,57.515535
4862.593333,57.515535
4862.828056,57.515535
4863.104444,56.547697
4863.353056,57.515535
4863.986111,56.547697
4864.360556,56.547697
4864.631111,56.547697
4864.881944,57.515535
4865.150278,57.515535
4865.348056,57.515535
4865.873889,57.515535
4866.134444,57.515535
4866.309722,57.515535
4866.514722,57.515535
4866.593056,57.515535
4866.829444,57.515535
4867.090278,56.547697
4867.320833,56.547697
4867.396389,57.515535
4867.951111,57.515535
4868.135833,57.515535
4868.304444,57.515535
4868.575833,57.515535
4868.610833,56.547697
4868.840833,57.515535
4868.881944,56.547697
4869.103056,57.515535
4869.168611,57.515535
4869.371667,57.515535
4869.848333,57.515535
4870.100833,57.515535
4870.321389,56.547697
4870.567778,57.515535
4870.609167,57.515535
4870.833056,56.547697
4871.1,57.515535
4871.320556,57.515535
4871.379167,57.515535
4872.068056,57.515535
4872.1025,57.515535
4872.321944,56.547697
4872.5225,57.515535
4872.593889,57.515535
4872.828333,56.547697
4873.114722,56.547697
4873.301389,57.515535
4873.346389,57.515535
4874.0725,56.547697
4874.117222,56.547697
4874.340833,57.515535
4874.616111,56.547697
4874.819444,56.547697
4875.068611,57.515535
4875.0975,57.515535
4875.350833,57.515535
4875.789167,57.515535
4876.0,57.515535
4876.1075,57.515535
4876.338889,57.515535
4876.582778,56.547697
4876.808889,56.547697
4877.088889,57.515535
4877.106944,57.515535
4877.31,57.515535
4877.358056,57.515535
4877.994444,57.515535
4878.098056,57.515535
4878.308889,57.515535
4878.515556,56.547697
4878.5875,56.547697
4878.803333,56.547697
4879.061389,57.515535
4879.094444,56.547697
4879.231667,56.547697
4879.309167,56.547697
4879.356667,57.515535
4880.002222,56.547697
4880.106944,56.547697
4880.321111,56.547697
4880.578889,56.547697
4880.808889,57.515535
4881.084722,57.515535
4881.294167,56.547697
4881.376111,56.547697
4881.962778,57.515535
4882.075,57.515535
4882.290556,56.547697
4882.320556,56.547697
4882.526944,56.547697
4882.601389,57.515535
4882.826111,57.515535
4883.072222,57.515535
4883.105,57.515535
4883.324722,57.515535
4883.3925,57.515535
4884.146111,57.515535
4884.2875,57.515535
4884.510278,57.515535
4884.612222,57.515535
4884.791111,57.515535
4884.990556,57.515535
4885.090833,57.515535
4885.307778,56.547697
4885.356944,56.547697
4886.064722,57.515535
4886.093056,57.515535
4886.324444,57.515535
4886.584444,57.515535
4886.786667,56.547697
4887.004167,57.515535
4887.116944,57.515535
4887.296389,57.515535
4887.353889,57.515535
4888.090833,57.515535
4888.291389,57.515535
4888.516111,57.515535
4888.626944,57.515535
4888.810833,56.547697
4889.083333,57.515535
4889.283333,56.547697
4889.369444,56.547697
4890.0025,57.515535
4890.110556,57.515535
4890.304444,57.515535
4890.524722,57.515535
4890.602222,57.515535
4890.801111,57.515535
4891.078611,57.515535
4891.284167,57.515535
4891.383333,57.515535
4892.061667,56.547697
4892.126389,56.547697
4892.3125,57.515535
4892.580556,57.515535
4892.605278,57.515535
4892.832778,57.515535
4893.081389,57.515535
4893.292222,56.547697
4893.382778,56.547697
4893.669444,57.515535
4893.994722,57.515535
4894.098889,57.515535
4894.316111,57.515535
4894.591944,56.547697
4894.607778,56.547697
4894.797222,57.515535
4895.0125,57.515535
4895.12,57.515535
4895.144444,57.515535
4895.317222,57.515535
4895.370556,57.515535
4896.0,56.547697
4896.121667,57.515535
4896.314444,57.515535
4896.521944,57.515535
4896.582778,57.515535
4896.721944,57.515535
4896.797222,57.515535
4897.059722,56.547697
4897.118611,56.547697
4897.3025,57.515535
4897.346389,57.515535
4897.984444,57.515535
4898.093611,57.515535
4898.331667,57.515535
4898.563889,56.547697
4898.791667,56.547697
4898.825,56.547697
4899.081389,57.515535
4899.295833,56.547697
4899.380833,56.547697
4899.980833,57.515535
4900.109167,57.515535
4900.311111,57.515535
4900.556944,56.547697
4900.581667,56.547697
4900.790833,57.515535
4901.007778,57.515535
4901.120833,57.515535
4901.320556,57.515535
4901.3725,57.515535
4902.078056,57.515535
4902.290556,57.515535
4902.582222,57.515535
4902.805,57.515535
4903.076111,56.547697
4903.100833,56.547697
4903.354444,57.515535
4903.819167,57.515535
4904.079444,56.547697
4904.304167,56.547697
4904.520556,57.515535
4904.584444,57.515535
4904.800278,57.515535
4905.058333,57.515535
4905.088611,57.515535
4905.297222,56.547697
4905.376111,56.547697
4905.98,56.547697
4906.091944,56.547697
4906.311389,57.515535
4906.571944,57.515535
4906.604722,57.515535
4906.822222,57.515535
4907.063333,57.515535
4907.096944,57.515535
4907.306111,57.515535
4907.357778,57.515535
4908.065833,57.515535
4908.129167,57.515535
4908.3075,57.515535
4908.5725,57.515535
4908.602222,57.515535
4908.8125,57.515535
4909.100833,56.547697
4909.308056,57.515535
4909.358611,57.515535
4909.980556,57.515535
4910.090556,56.547697
4910.319722,56.547697
4910.573611,57.515535
4910.613056,57.515535
4910.874444,57.515535
4911.116111,57.515535
4911.291111,57.515535
4911.3925,57.515535
4911.935,57.515535
4912.080278,57.515535
4912.1775,56.547697
4912.32,57.515535
4912.605278,57.515535
4912.812778,57.515535
4913.070556,57.515535
4913.1,57.515535
4913.345833,57.515535
4913.788056,57.515535
4914.069167,57.515535
4914.135,57.515535
4914.243611,57.515535
4914.325833,57.515535
4914.585556,57.515535
4914.817778,57.515535
4914.855556,57.515535
4915.103056,57.515535
4915.288611,56.547697
4915.371944,56.547697
4915.836944,57.515535
4916.194722,57.515535
4916.363889,57.515535
4916.624444,57.515535
4916.861111,56.547697
4917.105,57.515535
4917.347222,57.515535
4917.805556,57.515535
4918.0675,57.515535
4918.096389,57.515535
4918.365556,57.515535
4918.635,57.515535
4918.844722,57.515535
4919.083333,57.515535
4919.309444,57.515535
4919.361944,57.515535
4920.004167,57.515535
4920.124167,57.515535
4920.301111,57.515535
4920.503333,57.515535
4920.528056,57.515535
4920.793889,56.547697
4920.818889,56.547697
4921.104444,57.515535
4921.321944,57.515535
4921.373889,57.515535
4922.064167,57.515535
4922.098889,57.515535
4922.3175,57.515535
4922.568611,57.515535
4922.601389,57.515535
4922.834444,57.515535
4923.093611,57.515535
4923.321667,57.515535
4923.374444,57.515535
4924.129167,56.547697
4924.312778,57.515535
4924.589722,57.515535
4924.808889,57.515535
4925.075,57.515535
4925.1125,57.515535
4925.349722,57.515535
4925.798333,56.547697
4926.063611,57.515535
4926.135,57.515535
4926.332222,57.515535
4926.605556,57.515535
4926.810278,57.515535
4927.079444,57.515535
4927.305556,57.515535
4927.353889,57.515535
4927.988611,57.515535
4928.125556,57.515535
4928.306111,57.515535
4928.569167,57.515535
4928.606111,57.515535
4928.835,57.515535
4929.077778,57.515535
4929.1275,57.515535
4929.306111,56.547697
4929.356944,56.547697
4929.99,57.515535
4930.108056,57.515535
4930.337222,57.515535
4930.614167,57.515535
4930.826667,57.515535
4931.091667,57.515535
4931.2275,57.515535
4931.301111,57.515535
4931.346111,57.515535
4931.987778,57.515535
4932.096944,57.515535
4932.337222,57.515535
4932.609167,56.547697
4932.818056,57.515535
4933.087222,57.515535
4933.298056,57.515535
4933.346389,57.515535
4934.065,56.547697
4934.090833,57.515535
4934.2925,56.547697
4934.510556,57.515535
4934.603333,57.515535
4934.812222,57.515535
4935.078889,57.515535
4935.286111,57.515535
4935.382778,57.515535
4935.835,57.515535
4935.9325,57.515535
4936.123056,57.515535
4936.343611,57.515535
4936.613611,57.515535
4936.818611,57.515535
4937.08,56.547697
4937.305,57.515535
4937.369722,56.547697
4938.073611,57.515535
4938.1075,57.515535
4938.334167,57.515535
4938.589722,56.547697
4938.801389,56.547697
4939.004444,57.515535
4939.093056,57.515535
4939.290278,57.515535
4939.378889,57.515535
4939.977222,57.515535
4940.116111,57.515535
4940.326944,57.515535
4940.532222,57.515535
4940.793333,57.515535
4940.824167,57.515535
4941.094167,57.515535
4941.303889,57.515535
4941.3475,57.515535
4941.998056,57.515535
4942.122778,56.547697
4942.303889,57.515535
4942.522222,57.515535
4942.590833,57.515535
4942.835,57.515535
4943.090833,57.515535
4943.311667,57.515535
4943.3725,57.515535
4944.090833,56.547697
4944.3025,56.547697
4944.527778,56.547697
4944.596111,57.515535
4944.8275,57.515535
4945.123333,57.515535
4945.359722,57.515535
4945.873611,57.515535
4946.112222,57.515535
4946.1775,57.515535
4946.290556,57.515535
4946.5075,57.515535
4946.619167,57.515535
4946.803889,57.515535
4947.064167,57.515535
4947.088889,57.515535
4947.326944,57.515535
4947.3875,56.547697
4948.070556,57.515535
4948.096389,57.515535
4948.248889,57.515535
4948.331667,57.515535
4948.629444,57.515535
4948.835833,57.515535
4949.108889,57.515535
4949.318056,57.515535
4949.370278,57.515535
4950.008333,57.515535
4950.1275,57.515535
4950.328611,57.515535
4950.598333,56.547697
4950.814444,57.515535
4951.086111,57.515535
4951.295,56.547697
4951.394444,57.515535
4952.009722,57.515535
4952.137778,57.515535
4952.327778,57.515535
4952.596667,56.547697
4952.795833,57.515535
4953.092222,57.515535
4953.304722,57.515535
4953.3525,57.515535
4953.9975,57.515535
4954.1175,57.515535
4954.349167,57.515535
4954.596667,57.515535
4954.7925,57.515535
4955.069167,57.515535
4955.127778,57.515535
4955.294722,57.515535
4955.390833,57.515535
4956.103611,57.515535
4956.295,57.515535
4956.498889,57.515535
4956.599722,57.515535
4956.812222,57.515535
4957.0875,57.515535
4957.296944,57.515535
4957.388056,57.515535
4958.080833,57.515535
4958.2925,57.515535
4958.521667,57.515535
4958.648889,56.547697
4958.823611,57.515535
4959.075278,57.515535
4959.105,57.515535
4959.350278,57.515535
4959.820556,57.515535
4960.071944,57.515535
4960.099167,57.515535
4960.2925,57.515535
4960.395278,57.515535
4960.625833,57.515535
4960.8225,57.515535
4961.128056,57.515535
4961.384167,57.515535
4961.862778,57.515535
4962.142778,57.515535
4962.323889,57.515535
4962.6025,57.515535
4962.834167,57.515535
4963.135556,57.515535
4963.392222,57.515535
4963.448889,57.515535
4963.865,57.515535
4964.139444,57.515535
4964.314167,57.515535
4964.583333,57.515535
4964.821389,57.515535
4965.109722,57.515535
4965.373056,57.515535
4965.73,57.515535
4965.861667,57.515535
4966.131667,57.515535
4966.308056,57.515535
4966.564722,57.515535
4966.624722,57.515535
4966.847778,56.547697
4967.114444,57.515535
4967.321944,57.515535
4967.382222,57.515535
4968.089722,57.515535
4968.148611,57.515535
4968.338333,57.515535
4968.617778,57.515535
4968.836111,56.547697
4969.095556,57.515535
4969.335556,57.515535
4969.387778,57.515535
4970.075556,57.515535
4970.104167,57.515535
4970.329722,57.515535
4970.593611,57.515535
4970.622222,57.515535
4970.844722,57.515535
4971.108611,57.515535
4971.314444,57.515535
4971.388333,57.515535
4971.993056,57.515535
4972.13,57.515535
4972.366667,57.515535
4972.619722,57.515535
4972.854167,57.515535
4973.115,57.515535
4973.368611,57.515535
4973.831389,56.547697
4974.096111,57.515535
4974.3275,57.515535
4974.584167,57.515535
4974.618056,57.515535
4974.834722,57.515535
4975.099167,57.515535
4975.317222,57.515535
4975.366389,57.515535
4976.067222,57.515535
4976.131944,57.515535
4976.323333,57.515535
4976.588333,57.515535
4976.613056,57.515535
4976.828056,57.515535
4977.112778,57.515535
4977.324444,57.515535
4977.368333,57.515535
4978.070556,57.515535
4978.130278,57.515535
4978.317222,57.515535
4978.567778,57.515535
4978.6025,57.515535
4978.837778,57.515535
4979.106111,57.515535
4979.315,57.515535
4979.388889,57.515535
4980.003056,56.547697
4980.111111,57.515535
4980.3325,57.515535
4980.5775,57.515535
4980.606111,57.515535
4980.621944,57.515535
4980.806944,57.515535
4981.081389,57.515535
4981.141389,57.515535
4981.328889,57.515535
4981.376111,57.515535
4982.088056,57.515535
4982.155556,57.515535
4982.361111,57.515535
4982.619722,57.515535
4982.765556,57.515535
4982.852778,57.515535
4983.119722,57.515535
4983.3625,57.515535
4983.823889,57.515535
4984.085556,57.515535
4984.114444,57.515535
4984.323889,57.515535
4984.587778,57.515535
4984.620556,56.547697
4984.834444,57.515535
4985.086389,57.515535
4985.124722,57.515535
4985.365833,57.515535
4985.846111,57.515535
4986.123889,57.515535
4986.321944,57.515535
4986.596944,57.515535
4986.621944,57.515535
4986.835833,57.515535
4987.111944,57.515535
4987.310278,57.515535
4987.373889,57.515535
4988.079722,57.515535
4988.105833,57.515535
4988.335833,57.515535
4988.616944,57.515535
4988.833056,57.515535
4989.105556,57.515535
4989.311667,57.515535
4989.375833,57.515535
4990.118889,57.515535
4990.384167,57.515535
4990.644167,57.515535
4990.882778,57.515535
4991.17,57.515535
4991.378056,57.515535
4991.575278,57.515535
4991.611389,57.515535
4991.6475,57.515535
4991.825278,57.515535
4991.861111,57.515535
4992.108333,57.515535
4992.341111,57.515535
4992.595,57.515535
4992.830556,57.515535
4993.105833,57.515535
4993.318056,57.515535
4993.376944,57.515535
4994.058889,57.515535
4994.138333,57.515535
4994.341667,57.515535
4994.606389,57.515535
4994.836944,57.515535
4995.099722,57.515535
4995.321667,57.515535
4995.385556,57.515535
4996.056667,57.515535
4996.131111,57.515535
4996.328056,57.515535
4996.59,57.515535
4996.626111,56.547697
4996.842778,57.515535
4997.121389,57.515535
4997.329722,57.515535
4997.393056,57.515535
4997.734167,57.515535
4998.077778,57.515535
4998.113889,57.515535
4998.332222,57.515535
4998.595,57.515535
4998.847222,57.515535
4999.116944,57.515535
4999.3325,57.515535
4999.391944,57.515535
4999.959167,57.515535
5000.084444,57.515535
5000.124444,57.515535
5000.357222,57.515535
5000.610278,57.515535
5000.857222,57.515535
5001.108611,57.515535
5001.325278,57.515535
5001.374722,57.515535
5002.061667,57.515535
5002.140556,57.515535
5002.317222,57.515535
5002.510833,57.515535
5002.591944,57.515535
5002.8,57.515535
5002.846111,57.515535
5003.12,57.515535
5003.324167,57.515535
5003.388889,57.515535
5004.0625,57.515535
5004.105833,57.515535
5004.311111,57.515535
5004.565,57.515535
5004.599444,57.515535
5004.833056,57.515535
5005.087778,57.515535
5005.133889,57.515535
5005.398611,57.515535
5005.912222,57.515535
5006.188333,57.515535
5006.378333,57.515535
5006.624167,57.515535
5006.856389,57.515535
5007.112778,57.515535
5007.3125,57.515535
5007.385833,57.515535
5008.111111,57.515535
5008.321944,57.515535
5008.591944,57.515535
5008.639444,57.515535
5008.862778,57.515535
5008.91,57.515535
5009.083611,57.515535
5009.224722,57.515535
5009.390556,57.515535
5009.829444,57.515535
5009.935,57.515535
5010.003889,57.515535
5010.093333,57.515535
5010.457222,57.515535
5010.639167,57.515535
5010.818333,57.515535
5011.096111,57.515535
5011.321667,57.515535
5011.416667,57.515535
5012.149722,57.515535
5012.336944,57.515535
5012.606944,57.515535
5012.825833,57.515535
5013.074167,57.515535
5013.116944,57.515535
5013.39,57.515535
5013.879722,57.515535
5014.126944,57.515535
5014.32,57.515535
5014.581944,57.515535
5014.621944,57.515535
5014.855833,57.515535
5015.120833,57.515535
5015.341111,57.515535
5015.398056,57.515535
5015.462222,57.515535
5016.112778,57.515535
5016.3525,57.515535
5016.617778,57.515535
5016.824167,57.515535
5017.0825,57.515535
5017.113889,57.515535
5017.363611,57.515535
5017.693889,57.515535
5017.796944,57.515535
5018.077222,57.515535
5018.150278,57.515535
5018.336111,57.515535
5018.587778,57.515535
5018.628611,57.515535
5018.849167,57.515535
5019.107222,57.515535
5019.324167,57.515535
5019.386944,56.547697
5020.068333,56.547697
5020.1125,57.515535
5020.328611,57.515535
5020.574444,57.515535
5020.621667,57.515535
5020.836111,57.515535
5021.093056,57.515535
5021.133056,57.515535
5021.369167,57.515535
5021.836111,57.515535
5022.094722,57.515535
5022.320556,57.515535
5022.578889,57.515535
5022.618056,57.515535
5022.842222,57.515535
5023.095278,57.515535
5023.330833,57.515535
5023.393056,57.515535
5024.066389,57.515535
5024.128611,57.515535
5024.311111,57.515535
5024.5675,57.515535
5024.604722,57.515535
5024.825556,57.515535
5025.091111,57.515535
5025.1275,57.515535
5025.375556,57.515535
5025.831111,57.515535
5026.073056,57.515535
5026.108889,57.515535
5026.328889,57.515535
5026.580833,57.515535
5026.618056,57.515535
5026.825556,57.515535
5027.106389,57.515535
5027.309167,57.515535
5027.392778,57.515535
5028.013611,57.515535
5028.148889,57.515535
5028.328889,57.515535
5028.553333,57.515535
5028.644167,57.515535
5028.875278,57.515535
5029.135278,57.515535
5029.343889,57.515535
5029.438333,57.515535
5030.208056,57.515535
5030.352222,57.515535
5030.638611,57.515535
5030.844444,57.515535
5031.112222,57.515535
5031.323889,57.515535
5031.408333,57.515535
5032.116389,57.515535
5032.349167,57.515535
5032.604722,57.515535
5032.823056,57.515535
5032.894444,57.515535
5033.096944,57.515535
5033.304167,57.515535
5033.398333,57.515535
5034.008056,57.515535
5034.125278,57.515535
5034.383056,57.515535
5034.638889,57.515535
5034.884444,57.515535
5035.081111,57.515535
5035.151389,57.515535
5035.317778,57.515535
5035.410556,57.515535
5036.127222,57.515535
5036.331389,57.515535
5036.580278,57.515535
5036.633056,57.515535
5036.852222,57.515535
5037.133611,57.515535
5037.376667,57.515535
5037.886667,57.515535
5038.141389,57.515535
5038.339444,57.515535
5038.590278,57.515535
5038.628056,57.515535
5038.854444,57.515535
5039.096111,57.515535
5039.330278,57.515535
5039.398333,57.515535
5040.127778,57.515535
5040.335833,57.515535
5040.594167,57.515535
5040.629444,57.515535
5040.856667,57.515535
5041.136389,57.515535
5041.320556,57.515535
5041.384444,57.515535
5042.056111,57.515535
5042.121667,57.515535
5042.351389,57.515535
5042.613889,57.515535
5042.845833,57.515535
5043.115,57.515535
5043.3275,57.515535
5043.389722,57.515535
5044.057778,57.515535
5044.124167,57.515535
5044.327222,57.515535
5044.5975,57.515535
5044.632778,57.515535
5044.850833,57.515535
5045.128889,57.515535
5045.375556,57.515535
5045.814167,57.515535
5046.085833,57.515535
5046.129444,57.515535
5046.369167,57.515535
5046.628333,57.515535
5046.838056,57.515535
5047.104722,57.515535
5047.335278,57.515535
5047.393611,57.515535
5048.085278,57.515535
5048.126389,57.515535
5048.349167,57.515535
5048.62,57.515535
5048.829722,57.515535
5049.078333,57.515535
5049.124167,57.515535
5049.365833,57.515535
5049.8475,57.515535
5050.072778,57.515535
5050.1275,57.515535
5050.332778,57.515535
5050.575556,57.515535
5050.610833,57.515535
5050.826111,57.515535
5051.090833,57.515535
5051.121944,57.515535
5051.331944,57.515535
5051.406667,57.515535
5052.159167,57.515535
5052.315278,57.515535
5052.361111,57.515535
5052.618056,57.515535
5052.825556,57.515535
5053.0875,57.515535
5053.1225,57.515535
5053.3425,57.515535
5053.419722,57.515535
5054.161667,57.515535
5054.329722,57.515535
5054.614167,57.515535
5054.851667,57.515535
5055.141944,57.515535
5055.922778,57.515535
5056.2275,57.515535
5056.388611,57.515535
5056.663889,57.515535
5056.870556,57.515535
5057.215556,57.515535
5057.426667,57.515535
5058.159167,57.515535
5058.387222,57.515535
5058.63,57.515535
5058.886389,57.515535
5059.141667,57.515535
5059.408333,57.515535
5059.961389,57.515535
5060.228889,57.515535
5060.3225,57.515535
5060.595556,57.515535
5060.811111,57.515535
5061.075,57.515535
5061.140556,57.515535
5061.319444,57.515535
5061.385556,57.515535
5062.064722,57.515535
5062.135,57.515535
5062.326944,57.515535
5062.571667,57.515535
5062.615556,57.515535
5062.843611,57.515535
5063.1125,57.515535
5063.330833,57.515535
5063.399444,57.515535
5064.145833,57.515535
5064.339167,57.515535
5064.625,57.515535
5064.8225,57.515535
5065.110278,57.515535
5065.319444,57.515535
5065.370278,57.515535
5066.001389,57.515535
5066.111667,57.515535
5066.339722,57.515535
5066.601944,57.515535
5066.832778,57.515535
5067.11,57.515535
5067.343611,57.515535
5067.411667,57.515535
5068.082778,57.515535
5068.108056,57.515535
5068.156944,57.515535
5068.323611,57.515535
5068.587778,57.515535
5068.623056,57.515535
5068.851667,57.515535
5069.113333,57.515535
5069.321111,57.515535
5069.376111,57.515535
5070.079722,57.515535
5070.151667,57.515535
5070.268056,57.515535
5070.3525,57.515535
5070.626111,57.515535
5070.833611,57.515535
5071.113889,57.515535
5071.318889,57.515535
5071.385278,57.515535
5072.001111,57.515535
5072.115833,57.515535
5072.348333,57.515535
5072.616111,57.515535
5072.826667,57.515535
5073.105833,57.515535
5073.323333,57.515535
5073.373889,57.515535
5074.009167,57.515535
5074.118889,57.515535
5074.339444,57.515535
5074.545,57.515535
5074.619444,57.515535
5074.865278,57.515535
5075.126389,57.515535
5075.314167,57.515535
5075.393611,57.515535
5076.169722,57.515535
5076.331944,57.515535
5076.597778,57.515535
5076.646944,57.515535
5076.893889,57.515535
5077.132778,57.515535
5077.333889,57.515535
5077.451389,57.515535
5078.260556,57.515535
5078.37,57.515535
5078.709444,57.515535
5078.925278,57.515535
5079.200556,57.515535
5079.395833,57.515535
5079.942222,57.515535
5080.199167,57.515535
5080.364722,57.515535
5080.620278,57.515535
5080.844167,57.515535
5081.122778,57.515535
5081.336667,57.515535
5082.202778,57.515535
5082.352778,57.515535
5082.648889,57.515535
5082.846111,57.515535
5083.127222,57.515535
5083.404167,57.515535
5083.930833,57.515535
5084.222778,57.515535
5084.361667,57.515535
5084.631667,57.515535
5084.860833,57.515535
5085.154722,57.515535
5085.393889,57.515535
5085.620556,57.515535
5085.924444,57.515535
5086.194722,57.515535
5086.355278,57.515535
5086.614444,57.515535
5086.838333,57.515535
5087.126667,57.515535
5087.330556,57.515535
5087.401389,57.515535
5087.773889,57.515535
5088.103889,57.515535
5088.343611,57.515535
5088.5975,57.515535
5088.821667,57.515535
5089.081944,57.515535
5089.125556,57.515535
5089.377778,57.515535
5089.868889,57.515535
5090.135833,57.515535
5090.357222,57.515535
5090.639167,57.515535
5090.874444,57.515535
5091.169444,57.515535
5091.376111,57.515535
5091.810556,57.515535
5092.063056,57.515535
5092.133056,57.515535
5092.326944,57.515535
5092.582778,57.515535
5092.618056,57.515535
5092.8475,57.515535
5093.13,57.515535
5093.343056,57.515535
5093.419167,57.515535
5094.126944,57.515535
5094.350833,57.515535
5094.616389,57.515535
5094.846667,57.515535
5095.125278,57.515535
5095.339167,57.515535
5095.394722,57.515535
5096.092778,57.515535
5096.125,57.515535
5096.358333,57.515535
5096.595,57.515535
5096.806944,57.515535
5097.075,57.515535
5097.145,57.515535
5097.3325,57.515535
5097.39,57.515535
5098.091389,57.515535
5098.122778,57.515535
5098.350833,57.515535
5098.601389,57.515535
5098.813056,57.515535
5099.09,57.515535
5099.125556,57.515535
5099.388889,57.515535
5099.925,57.515535
5100.2375,57.515535
5100.438889,57.515535
5100.768056,57.515535
5100.998611,57.515535
5101.2375,56.547697
5101.518056,57.515535
5102.149444,57.515535
5102.494167,57.515535
5102.6725,57.515535
5102.967222,57.515535
5103.191111,57.515535
5103.445833,57.515535
5103.593056,57.515535
5104.083333,57.515535
5104.331667,57.515535
5104.413889,57.515535
5104.722222,57.515535
5104.878611,57.515535
5105.158889,57.515535
5105.416111,57.515535
5105.852222,57.515535
5106.076111,57.515535
5106.295278,57.515535
5106.412222,57.515535
5106.703056,57.515535
5106.905278,57.515535
5107.1975,57.515535
5107.434722,56.547697
5108.071944,57.515535
5108.306111,57.515535
5108.438333,57.515535
5108.728056,57.515535
5108.891667,57.515535
5109.177222,57.515535
5109.428889,57.515535
5110.072778,57.515535
5110.304722,57.515535
5110.413056,57.515535
5110.692778,57.515535
5110.857778,57.515535
5111.109167,57.515535
5111.386944,57.515535
5111.869167,57.515535
5112.158611,57.515535
5112.351389,57.515535
5112.638611,57.515535
5112.851389,57.515535
5113.115556,57.515535
5113.328333,57.515535
5113.398333,57.515535
5114.073333,57.515535
5114.135,57.515535
5114.329167,57.515535
5114.620833,57.515535
5114.855,57.515535
5115.133056,57.515535
5115.322222,57.515535
5115.385278,57.515535
5116.073056,57.515535
5116.125833,57.515535
5116.355833,57.515535
5116.628889,57.515535
5116.848056,57.515535
5117.119444,57.515535
5117.371667,57.515535
5117.812222,57.515535
5118.104722,57.515535
5118.344722,57.515535
5118.630833,57.515535
5118.858611,57.515535
5119.103611,57.515535
5119.321389,57.515535
5119.393611,57.515535
5120.080833,57.515535
5120.121944,57.515535
5120.344167,57.515535
5120.603611,57.515535
5120.815,57.515535
5121.073889,57.515535
5121.115,57.515535
5121.331944,57.515535
5121.353333,57.515535
5121.390833,57.515535
5121.965833,57.515535
5122.066389,57.515535
5122.181389,57.515535
5122.348889,57.515535
5122.627778,57.515535
5122.838333,57.515535
5123.105,57.515535
5123.315556,57.515535
5123.390556,57.515535
5123.813889,57.515535
5124.213333,56.547697
5124.361389,57.515535
5124.701944,57.515535
5124.923889,57.515535
5125.253056,57.515535
5125.415,57.515535
5125.999167,57.515535
5126.201111,57.515535
5126.379722,57.515535
5126.666111,57.515535
5126.894722,57.515535
5127.212778,56.547697
5127.463611,57.515535
5128.163611,57.515535
5128.491111,57.515535
5128.792222,57.515535
5128.990833,57.515535
5129.27,57.515535
5129.474722,56.547697
5130.1,57.515535
5130.410833,57.515535
5130.731111,57.515535
5131.001111,57.515535
5131.197778,57.515535
5131.414722,57.515535
5132.103889,57.515535
5132.393611,57.515535
5132.690833,57.515535
5134.405278,57.515535
5134.99,57.515535
5135.130833,57.515535
5135.335278,57.515535
5135.408889,57.515535
5136.105,57.515535
5136.314167,57.515535
5136.577222,57.515535
5136.608333,57.515535
5136.851389,57.515535
5137.106111,57.515535
5137.325833,57.515535
5137.39,57.515535
5138.081389,57.515535
5138.148333,57.515535
5138.3325,57.515535
5138.600278,57.515535
5138.823889,57.515535
5139.086667,57.515535
5139.130556,57.515535
5139.368611,57.515535
5139.8325,57.515535
5140.092222,57.515535
5140.134444,57.515535
5140.353611,57.515535
5140.613056,57.515535
5140.636389,57.515535
5140.817222,57.515535
5141.088056,57.515535
5141.119444,57.515535
5141.371944,57.515535
5141.839167,57.515535
5142.103889,57.515535
5142.315556,57.515535
5142.584722,57.515535
5142.624444,57.515535
5142.763056,57.515535
5142.848611,57.515535
5143.123333,57.515535
5143.340833,57.515535
5143.395,57.515535
5144.093056,57.515535
5144.164444,57.515535
5144.351667,57.515535
5144.590833,57.515535
5144.806944,57.515535
5144.843333,57.515535
5145.112778,57.515535
5145.313056,57.515535
5145.375833,57.515535
5145.999167,57.515535
5146.1375,57.515535
5146.337778,57.515535
5146.598889,57.515535
5146.841389,57.515535
5147.114722,57.515535
5147.335833,57.515535
5147.401389,57.515535
5148.117222,57.515535
5148.354722,57.515535
5148.655556,57.515535
5148.836667,57.515535
5149.138056,57.515535
5149.379444,57.515535
5149.915,57.515535
5150.249722,57.515535
5150.421389,57.515535
5150.687222,56.547697
5150.879722,57.515535
5151.238333,57.515535
5151.413889,57.515535
5152.182778,57.515535
5152.521944,57.515535
5152.766111,57.515535
5153.068889,57.515535
5153.244444,57.515535
5153.455556,57.515535
5154.173333,57.515535
5154.467778,57.515535
5154.783611,57.515535
5154.981389,57.515535
5155.255,57.515535
5155.445833,57.515535
5156.146389,57.515535
5156.368611,57.515535
5156.853611,57.515535
5157.149167,57.515535
5157.344167,57.515535
5157.459444,57.515535
5158.235556,57.515535
5158.321944,57.515535
5158.588056,57.515535
5158.647778,57.515535
5158.839722,57.515535
5158.8975,57.515535
5159.127778,57.515535
5159.32,57.515535
5159.403889,57.515535
5160.116667,57.515535
5160.339167,57.515535
5160.601389,57.515535
5160.826389,57.515535
5160.961944,57.515535
5161.088333,57.515535
5161.120556,57.515535
5161.366667,57.515535
5161.830833,57.515535
5162.099444,57.515535
5162.307222,57.515535
5162.595556,57.515535
5162.816667,57.515535
5163.097778,57.515535
5163.339444,57.515535
5163.401667,57.515535
5164.110556,57.515535
5164.305556,57.515535
5164.557778,57.515535
5164.59,57.515535
5164.808056,57.515535
5164.843333,57.515535
5165.111667,57.515535
5165.329444,57.515535
5165.383611,57.515535
5166.080278,57.515535
5166.115,57.515535
5166.335556,57.515535
5166.427222,57.515535
5166.642222,57.515535
5166.822778,57.515535
5167.109722,57.515535
5167.331944,57.515535
5167.4075,57.515535
5168.089722,57.515535
5168.120833,57.515535
5168.341667,57.515535
5168.604167,57.515535
5168.811944,57.515535
5169.077778,57.515535
5169.109167,57.515535
5169.367222,57.515535
5171.889722,57.515535
5172.256667,57.515535
5172.825278,57.515535
5173.192222,57.515535
5173.620278,57.515535
5173.921944,57.515535
5174.229444,57.515535
5174.545556,57.515535
5175.012778,57.515535
5176.030556,56.547697
5176.361389,57.515535
5176.602222,57.515535
5177.177778,57.515535
5177.966944,57.515535
5178.269444,57.515535
5178.740278,57.515535
5179.5475,57.515535
5179.814722,57.515535
5179.985556,57.515535
5180.254722,57.515535
5180.516667,57.515535
5181.1125,57.515535
5181.338611,57.515535
5181.418333,57.515535
5181.662778,57.515535
5181.743611,57.515535
5181.973889,57.515535
5182.2325,57.515535
5182.500556,57.515535
5182.949444,57.515535
5183.206389,57.515535
5183.405278,57.515535
5183.685833,57.515535
5183.914444,57.515535
5184.172778,57.515535
5184.540556,57.515535
5184.918611,57.515535
5185.190833,57.515535
5185.4425,57.515535
5185.689167,57.515535
5185.911111,57.515535
5186.171111,57.515535
5186.525833,57.515535
5186.918611,57.515535
5187.179444,57.515535
5187.421944,57.515535
5187.673889,57.515535
5187.933056,57.515535
5188.195556,57.515535
5188.502778,57.515535
5188.885278,57.515535
5189.168056,57.515535
5189.442222,57.515535
5189.693056,57.515535
5189.915,57.515535
5190.2,57.515535
5190.513889,57.515535
5190.935,57.515535
5191.201111,57.515535
5191.415,57.515535
5191.676667,57.515535
5191.911667,57.515535
5192.148333,57.515535
5192.389167,57.515535
5192.52,57.515535
5193.128056,57.515535
5193.335,57.515535
5193.406667,57.515535
5193.665556,57.515535
5193.899444,57.515535
5194.148889,57.515535
5194.387222,57.515535
5194.547222,57.515535
5195.148889,57.515535
5195.392778,57.515535
5195.636667,57.515535
5195.840278,57.515535
5195.950556,57.515535
5196.248889,57.515535
5197.150556,57.515535
5197.383889,57.515535
5197.618611,57.515535
5197.885,57.515535
5198.149444,57.515535
5198.279167,57.515535
5198.593889,56.547697
5199.325833,57.515535
5199.531944,57.515535
5199.866389,57.515535
5201.915556,57.515535
5202.215278,57.515535
5202.541111,57.515535
5202.960833,57.515535
5203.200278,57.515535
5203.387778,57.515535
5203.633611,57.515535
5203.765,57.515535
5203.996944,57.515535
5204.263611,57.515535
5204.518611,57.515535
5204.935278,57.515535
5205.196667,57.515535
5205.3925,57.515535
5205.6475,57.515535
5205.905278,57.515535
5206.169167,57.515535
5206.508056,57.515535
5206.885833,57.515535
5207.147778,57.515535
5207.373333,57.515535
5207.619444,57.515535
5207.813611,57.515535
5207.879167,57.515535
5208.140556,57.515535
5208.360278,57.515535
5208.508333,57.515535
5208.926667,57.515535
5209.140556,57.515535
5209.345278,57.515535
5209.438889,57.515535
5209.669722,57.515535
5209.931944,57.515535
5210.176667,57.515535
5210.471667,57.515535
5210.883056,57.515535
5211.105278,57.515535
5211.3225,57.515535
5211.429444,57.515535
5211.653889,57.515535
5211.922778,57.515535
5212.148611,57.515535
5212.513611,57.515535
5212.884722,57.515535
5213.111944,57.515535
5213.332222,57.515535
5213.423333,57.515535
5213.649167,57.515535
5213.893889,57.515535
5214.144444,57.515535
5214.491944,57.515535
5214.853889,57.515535
5215.096111,57.515535
5215.321111,57.515535
5215.428333,57.515535
5215.740278,57.515535
5215.951389,57.515535
5216.229444,57.515535
5216.505278,57.515535
5217.008611,57.515535
5217.524722,57.515535
5217.806944,57.515535
5217.906111,57.515535
5218.183611,57.515535
5218.368056,57.515535
5218.485,57.515535
5219.098611,57.515535
5219.402222,57.515535
5219.753611,57.515535
5219.895833,57.515535
5220.165556,57.515535
5220.486667,57.515535
5220.904444,57.515535
5221.242222,57.515535
5221.431944,57.515535
5221.689167,57.515535
5221.901111,57.515535
5222.183611,57.515535
5222.515556,57.515535
5222.955278,57.515535
5223.221667,57.515535
5223.410278,57.515535
5223.650556,57.515535
5223.909167,57.515535
5224.178611,57.515535
5224.560278,57.515535
5224.998056,57.515535
5225.295278,57.515535
5225.547778,57.515535
5225.732778,57.515535
5225.950833,57.515535
5226.225278,57.515535
5226.567222,57.515535
5227.099167,57.515535
5227.323056,57.515535
5227.602778,57.515535
5227.7475,57.515535
5228.263611,57.515535
5228.572222,57.515535
5229.106389,57.515535
5229.335,57.515535
5229.456111,57.515535
5229.7575,57.515535
5229.959722,57.515535
5230.244167,57.515535
5230.537778,57.515535
5231.009167,57.515535
5231.417778,57.515535
5231.712778,57.515535
5231.914722,57.515535
5232.286389,57.515535
5232.497222,57.515535
5232.974722,57.515535
5233.2175,57.515535
5233.417778,57.515535
5233.670833,57.515535
5233.916389,57.515535
5234.209167,57.515535
5234.503056,57.515535
5234.8825,57.515535
5235.1225,57.515535
5235.325833,57.515535
5235.387222,57.515535
5235.625278,57.515535
5235.814722,57.515535
5235.880278,57.515535
5236.124722,57.515535
5236.323611,57.515535
5236.498889,57.515535
5236.879167,57.515535
5237.124444,57.515535
5237.339444,57.515535
5237.405,57.515535
5237.659167,57.515535
5237.878611,57.515535
5238.135833,57.515535
5238.340556,57.515535
5238.505278,57.515535
5238.876389,57.515535
5239.131389,57.515535
5239.336667,57.515535
5239.405556,57.515535
5239.649167,57.515535
5239.883611,57.515535
5240.121944,57.515535
5240.316389,57.515535
5240.377222,57.515535
5240.498333,57.515535
5241.068333,57.515535
5241.269167,57.515535
5241.403611,57.515535
5241.645,57.515535
5241.873333,57.515535
5242.131944,57.515535
5242.332222,57.515535
5242.390278,57.515535
5242.526389,57.515535
5243.136111,57.515535
5243.339167,57.515535
5243.423611,57.515535
5243.681944,57.515535
5243.883889,57.515535
5244.147778,57.515535
5244.352222,57.515535
5244.561667,57.515535
5245.082778,57.515535
5245.307778,57.515535
5245.526389,57.515535
5245.740278,57.515535
5245.933333,57.515535
5246.210833,57.515535
5246.558611,57.515535
5246.9925,57.515535
5247.255,57.515535
5247.482778,57.515535
5247.736667,57.515535
5247.939167,57.515535
5248.235556,57.515535
5248.537778,57.515535
5249.083056,57.515535
5249.3375,57.515535
5249.813889,57.515535
5249.996667,57.515535
5250.585278,57.515535
5251.740278,57.515535
5251.968333,57.515535
5252.225833,57.515535
5252.5775,57.515535
5253.085,57.515535
5253.323056,57.515535
5253.436389,57.515535
5253.724167,57.515535
5253.949722,57.515535
5254.226667,57.515535
5254.507222,57.515535
5254.907222,57.515535
5255.156667,57.515535
5255.406389,57.515535
5255.647778,57.515535
5255.8875,57.515535
5256.157778,57.515535
5256.380278,57.515535
5256.512222,57.515535
5257.098333,57.515535
5257.2925,57.515535
5257.393889,57.515535
5257.634444,57.515535
5257.828056,57.515535
5257.893333,57.515535
5258.133889,57.515535
5258.354722,57.515535
5258.5025,57.515535
5258.918611,57.515535
5259.16,57.515535
5259.376389,57.515535
5259.613889,57.515535
5259.818889,57.515535
5259.881944,57.515535
5260.152778,57.515535
5260.376389,57.515535
5260.504167,57.515535
5261.111111,57.515535
5261.343056,57.515535
5261.406111,57.515535
5261.654167,57.515535
5261.874444,57.515535
5262.126667,57.515535
5262.323056,57.515535
5262.499722,57.515535
5262.858889,57.515535
5263.077222,57.515535
5263.265278,57.515535
5263.397778,57.515535
5263.638611,57.515535
5263.829444,57.515535
5263.8925,57.515535
5264.139167,57.515535
5264.329167,57.515535
5264.481944,57.515535
5264.847222,57.515535
5265.088333,57.515535
5265.283611,57.515535
5265.412778,57.515535
5265.638611,57.515535
5265.826944,57.515535
5265.885278,57.515535
5266.13,57.515535
5266.362222,57.515535
5266.480833,57.515535
5266.895278,57.515535
5267.132778,57.515535
5267.324167,57.515535
5267.384167,57.515535
5267.634444,57.515535
5267.829444,57.515535
5267.8975,57.515535
5268.176667,57.515535
5268.525278,57.515535
5268.947222,57.515535
5269.148611,57.515535
5269.424167,57.515535
5269.658889,57.515535
5269.943333,57.515535
5270.214167,57.515535
5270.548889,57.515535
5271.079167,57.515535
5271.318611,57.515535
5271.461944,57.515535
5271.758056,57.515535
5271.973611,57.515535
5272.290833,57.515535
5272.574444,57.515535
5273.156111,57.515535
5273.380278,57.515535
5273.815556,57.515535
5274.026944,57.515535
5274.288611,57.515535
5275.2025,57.515535
5275.500833,57.515535
5275.845556,57.515535
5276.031667,57.515535
5277.296389,57.515535
5277.5,57.515535
5277.756667,57.515535
5277.995,57.515535
5278.203333,57.515535
5278.524167,57.515535
5279.008611,57.515535
5279.2375,57.515535
5279.444722,57.515535
5279.715278,57.515535
5279.886389,57.515535
5280.128611,57.515535
5280.229167,57.515535
5280.488889,57.515535
5280.861944,57.515535
5281.109167,57.515535
5281.203333,57.515535
5281.364722,57.515535
5281.595278,57.515535
5281.695556,57.515535
5281.855833,57.515535
5282.105556,57.515535
5282.206667,57.515535
5282.486389,57.515535
5282.921944,57.515535
5283.133611,57.515535
5283.33,57.515535
5283.429444,57.515535
5283.645278,57.515535
5283.873889,57.515535
5284.114444,57.515535
5284.316667,57.515535
5284.374167,57.515535
5284.509444,57.515535
5285.122222,57.515535
5285.325278,57.515535
5285.386389,57.515535
5285.623333,57.515535
5285.836389,57.515535
5285.901667,57.515535
5286.141667,57.515535
5286.330556,57.515535
5286.3925,57.515535
5286.502222,57.515535
5287.071111,57.515535
5287.275556,57.515535
5287.406389,57.515535
5287.6725,57.515535
5287.880556,57.515535
5288.130278,57.515535
5288.3375,57.515535
5288.478333,57.515535
5288.871111,57.515535
5289.133333,57.515535
5289.336111,57.515535
5289.426111,57.515535
5289.635,57.515535
5289.836667,57.515535
5289.911667,57.515535
5290.163333,57.515535
5290.3725,57.515535
5290.5025,57.515535
5291.113889,57.515535
5291.315278,57.515535
5291.406667,57.515535
5291.653333,57.515535
5291.880556,57.515535
5292.145833,57.515535
5292.348611,57.515535
5292.558333,57.515535
5292.987778,57.515535
5293.241944,57.515535
5293.475278,57.515535
5293.775278,57.515535
5293.971944,57.515535
5294.257222,57.515535
5294.570278,57.515535
5295.120833,57.515535
5295.366667,57.515535
5295.837222,57.515535
5296.086667,57.515535
5296.647222,57.515535
5297.208056,57.515535
5297.306667,57.515535
5297.432222,57.515535
5297.770556,57.515535
5298.004444,57.515535
5298.276389,57.515535
5299.256111,57.515535
5300.728333,57.515535
5301.322778,57.515535
5301.576944,57.515535
5301.753056,57.515535
5301.998611,57.515535
5302.231111,57.515535
5302.548611,57.515535
5302.980556,57.515535
5303.240278,57.515535
5303.466389,57.515535
5303.728333,57.515535
5303.889167,57.515535
5304.158889,57.515535
5304.393611,57.515535
5304.530278,57.515535
5305.163056,57.515535
5305.423333,57.515535
5305.679444,57.515535
5305.916111,57.515535
5306.173056,57.515535
5306.495278,57.515535
5306.906111,57.515535
5307.151389,57.515535
5307.391667,57.515535
5307.600556,57.515535
5307.803889,57.515535
5307.900278,57.515535
5308.163056,57.515535
5308.369722,57.515535
5308.506111,57.515535
5309.096389,57.515535
5309.279444,57.515535
5309.380556,57.515535
5309.610278,57.515535
5309.801667,57.515535
5309.864167,57.515535
5310.105278,57.515535
5310.309444,57.515535
5310.376389,57.515535
5310.503333,57.515535
5311.132222,57.515535
5311.326389,57.515535
5311.389444,57.515535
5311.626667,57.515535
5311.822778,57.515535
5311.880278,57.515535
5312.111389,57.515535
5312.305556,57.515535
5312.365,57.515535
5312.488611,57.515535
5313.098056,57.515535
5313.289444,57.515535
5313.398611,57.515535
5313.633611,57.515535
5313.832222,57.515535
5313.892778,57.515535
5314.132778,57.515535
5314.329722,57.515535
5314.390833,57.515535
5314.534167,57.515535
5315.154444,57.515535
5315.409722,57.515535
5315.684167,57.515535
5315.946944,57.515535
5316.221667,57.515535
5316.553333,57.515535
5317.006389,57.515535
5317.274444,57.515535
5317.442778,57.515535
5317.725278,57.515535
5317.941389,57.515535
5318.229722,57.515535
5318.563611,57.515535
5319.137778,57.515535
5319.617222,57.515535
5319.909722,57.515535
5321.155833,57.515535
5321.267222,57.515535
5321.551389,57.515535
5321.776944,57.515535
5321.990556,57.515535
5322.245,57.515535
5323.15,57.515535
5323.346944,57.515535
5323.545833,57.515535
5323.782222,57.515535
5323.981667,57.515535
5324.236667,57.515535
5324.544722,57.515535
5324.995278,57.515535
5325.252778,57.515535
5325.442222,57.515535
5325.648611,57.515535
5325.939722,57.515535
5326.159444,57.515535
5326.493611,57.515535
5326.886389,57.515535
5327.093333,57.515535
5327.301944,57.515535
5327.441389,57.515535
5327.655,57.515535
5327.914722,57.515535
5328.144444,57.515535
5328.390833,57.515535
5328.543056,57.515535
5329.173333,57.515535
5329.359722,57.515535
5329.547778,57.515535
5329.796944,57.515535
5329.905278,57.515535
5330.152778,57.515535
5330.484722,57.515535
5330.863056,57.515535
5331.116944,57.515535
5331.321944,57.515535
5331.387778,57.515535
5331.631389,57.515535
5331.828056,57.515535
5331.908333,57.515535
5332.153056,57.515535
5332.371667,57.515535
5332.493056,57.515535
5333.075,57.515535
5333.277778,57.515535
5333.421111,57.515535
5333.670278,57.515535
5333.888889,57.515535
5334.131944,57.515535
5334.326111,57.515535
5334.388889,57.515535
5334.511389,57.515535
5335.111944,57.515535
5335.316111,57.515535
5335.383056,57.515535
5335.619167,57.515535
5335.818889,57.515535
5335.8775,57.515535
5336.112778,57.515535
5336.315833,57.515535
5336.381944,57.515535
5336.522778,57.515535
5337.104722,57.515535
5337.306389,57.515535
5337.403056,57.515535
5337.639722,57.515535
5337.819167,57.515535
5337.888056,57.515535
5338.134167,57.515535
5338.326944,57.515535
5338.391944,57.515535
5338.533056,57.515535
5339.138889,57.515535
5339.330556,57.515535
5339.398611,57.515535
5339.656111,57.515535
5339.864722,57.515535
5340.120833,57.515535
5340.323333,57.515535
5340.393333,57.515535
5341.185,57.515535
5341.385278,57.515535
5341.641389,57.515535
5341.846667,57.515535
5341.976111,57.515535
5342.215556,57.515535
5342.5325,57.515535
5343.068611,57.515535
5343.276944,57.515535
5343.400556,57.515535
5343.686111,57.515535
5343.972222,57.515535
5344.254722,57.515535
5344.541944,57.515535
5345.083611,57.515535
5345.2975,57.515535
5345.473333,57.515535
5345.765556,57.515535
5345.963333,57.515535
5346.246111,57.515535
5347.276111,57.515535
5347.459722,57.515535
5347.737778,57.515535
5347.933611,57.515535
5348.503611,57.515535
5348.916667,57.515535
5349.173056,57.515535
5349.388333,57.515535
5349.650833,57.515535
5349.948611,57.515535
5350.2025,57.515535
5350.52,57.515535
5350.923611,57.515535
5351.17,57.515535
5351.392222,57.515535
5351.651111,57.515535
5351.885278,57.515535
5352.146667,57.515535
5352.378333,57.515535
5352.486111,57.515535
5353.075556,57.515535
5353.268611,57.515535
5353.418889,57.515535
5353.653333,57.515535
5353.873611,57.515535
5354.150278,56.547697
5354.469167,57.515535
5354.861111,57.515535
5355.111944,57.515535
5355.312222,56.547697
5355.373333,56.547697
5355.617222,57.515535
5355.815278,57.515535
5355.881389,57.515535
5356.112778,57.515535
5356.309722,56.547697
5356.371111,56.547697
5356.483889,56.547697
5357.114722,57.515535
5357.305556,57.515535
5357.362778,57.515535
5357.616667,57.515535
5357.809444,57.515535
5357.876389,57.515535
5358.492778,57.515535
5358.963333,56.547697
5359.220833,56.547697
5359.413889,57.515535
5359.683056,56.547697
5359.909167,56.547697
5360.160556,56.547697
5360.381111,56.547697
5360.493333,56.547697
5361.083889,57.515535
5361.2875,56.547697
5361.387778,56.547697
5361.667222,56.547697
5361.884167,56.547697
5362.150278,56.547697
5362.374167,56.547697
5362.493333,56.547697
5363.098889,56.547697
5363.298333,56.547697
5363.399444,56.547697
5363.645,56.547697
5363.875556,56.547697
5364.123611,56.547697
5364.320556,56.547697
5364.384722,57.515535
5364.5275,57.515535
5365.156111,57.515535
5365.395556,56.547697
5365.646389,56.547697
5365.883611,57.515535
5366.134722,56.547697
5366.344722,56.547697
5366.581667,56.547697
5367.079444,56.547697
5367.295,56.547697
5367.510556,56.547697
5367.720833,56.547697
5367.973889,56.547697
5368.250833,56.547697
5368.548333,56.547697
5368.978611,56.547697
5369.259167,56.547697
5369.477778,56.547697
5369.704444,56.547697
5369.923056,56.547697
5370.210833,56.547697
5370.563333,56.547697
5371.0725,55.579858
5371.3025,56.547697
5371.589444,56.547697
5371.729722,56.547697
5371.922222,56.547697
5372.178333,56.547697
5373.4275,56.547697
5373.774167,56.547697
5374.05,56.547697
5374.544167,56.547697
5375.111389,56.547697
5375.216111,56.547697
5375.384722,55.579858
5375.626111,55.579858
5375.829722,56.547697
5375.911389,56.547697
5376.171944,55.579858
5376.505833,56.547697
5376.925833,56.547697
5377.168889,56.547697
5377.386111,56.547697
5377.615278,56.547697
5377.805,55.579858
5377.866389,55.579858
5378.106944,55.579858
5378.301944,55.579858
5378.369444,55.579858
5378.500833,55.579858
5379.08,56.547697
5379.288889,56.547697
5379.4525,56.547697
5379.667778,56.547697
5379.878611,56.547697
5380.114444,56.547697
5380.307222,55.579858
5380.370278,55.579858
5380.500556,55.579858
5381.078333,56.547697
5381.27,56.547697
5381.413333,56.547697
5381.665556,56.547697
5381.895833,56.547697
5382.125,56.547697
5382.309722,55.579858
5382.372778,55.579858
5382.495,56.547697
5383.077222,56.547697
5383.276389,55.579858
5383.383333,55.579858
5383.622778,56.547697
5383.82,56.547697
5383.891389,55.579858
5384.148889,56.547697
5384.370278,55.579858
5384.499167,55.579858
5385.112222,56.547697
5385.313889,56.547697
5385.376389,55.579858
5385.613056,55.579858
5385.813889,55.579858
5385.874444,55.579858
5386.127778,56.547697
5386.326944,55.579858
5386.390278,55.579858
5386.533889,56.547697
5387.146111,55.579858
5387.373611,56.547697
5387.626389,55.579858
5387.833056,56.547697
5387.921944,55.579858
5388.173889,56.547697
5388.531667,55.579858
5388.983889,55.579858
5389.2375,56.547697
5389.459722,56.547697
5389.725,55.579858
5389.943611,55.579858
5390.233889,55.579858
5390.547222,55.579858
5391.059167,55.579858
5391.266667,55.579858
5391.484722,56.547697
5392.007778,55.579858
5392.297222,55.579858
5392.599167,55.579858
5393.832222,56.547697
5394.340278,55.579858
5394.570556,55.579858
5395.353889,55.579858
5395.529444,55.579858
5395.823333,56.547697
5396.309444,55.579858
5396.604722,55.579858
5397.360833,55.579858
5397.59,55.579858
5397.7475,55.579858
5397.975,56.547697
5398.22,55.579858
5398.512778,55.579858
5398.913056,55.579858
5399.159444,55.579858
5399.408889,55.579858
5399.639722,55.579858
5399.838611,55.579858
5399.915278,55.579858
5400.169167,55.579858
5400.386389,55.579858
5400.535833,56.547697
5401.163056,55.579858
5401.364167,55.579858
5401.588056,55.579858
5401.778611,55.579858
5401.875556,55.579858
5402.117778,55.579858
5402.311389,55.579858
5402.372222,55.579858
5402.491111,55.579858
5402.998611,55.579858
5403.249167,55.579858
5403.401667,55.579858
5403.6425,55.579858
5403.844722,55.579858
5403.921389,55.579858
5404.157778,55.579858
5404.386111,55.579858
5404.504722,55.579858
5405.100556,55.579858
5405.295,55.579858
5405.398056,55.579858
5405.6375,55.579858
5405.8425,55.579858
5405.91,55.579858
5406.175278,55.579858
5406.393056,55.579858
5406.5075,55.579858
5407.075,55.579858
5407.282222,55.579858
5407.379444,54.612019
5407.6225,55.579858
5407.821944,55.579858
5407.888333,55.579858
5408.154722,55.579858
5408.366944,55.579858
5408.505556,55.579858
5409.089167,55.579858
5409.283056,55.579858
5409.378056,54.612019
5409.638333,55.579858
5409.842778,55.579858
5409.911111,55.579858
5410.165278,55.579858
5410.391944,55.579858
5410.533611,55.579858
5411.118611,54.612019
5411.338056,55.579858
5411.416944,54.612019
5411.676111,55.579858
5411.903056,56.547697
5412.151667,55.579858
5412.383056,55.579858
5412.555278,55.579858
5413.191111,55.579858
5413.403611,55.579858
5413.642222,55.579858
5413.869444,54.612019
5413.960278,54.612019
5414.2275,55.579858
5414.515278,55.579858
5414.956111,55.579858
5415.246111,54.612019
5415.435278,55.579858
5415.716944,54.612019
5415.964444,54.612019
5416.2775,55.579858
5416.555,54.612019
5417.121111,55.579858
5417.370556,54.612019
5417.501667,54.612019
5417.966111,54.612019
5418.323611,54.612019
5418.512778,54.612019
5419.126944,55.579858
5419.343056,54.612019
5419.5075,54.612019
5419.813056,55.579858
5420.011111,55.579858
5420.299167,54.612019
5420.566944,55.579858
5421.153611,54.612019
5421.417222,54.612019
5421.6875,55.579858
5421.94,54.612019
5422.726667,55.579858
5423.204444,55.579858
5423.459722,55.579858
5423.664444,54.612019
5423.919722,55.579858
5424.133611,55.579858
5424.348333,54.612019
5424.501944,55.579858
5424.9025,54.612019
5425.111111,55.579858
5425.322222,55.579858
5425.434722,55.579858
5425.631111,54.612019
5425.855,54.612019
5425.959444,54.612019
5426.183333,55.579858
5426.487222,55.579858
5426.866111,55.579858
5427.062778,54.612019
5427.257222,54.612019
5427.399722,54.612019
5427.645833,54.612019
5427.891389,54.612019
5428.147222,55.579858
5428.482222,55.579858
5428.850556,54.612019
5429.109444,54.612019
5429.3175,55.579858
5429.405833,55.579858
5429.671389,55.579858
5429.908333,55.579858
5430.174722,54.612019
5430.496111,54.612019
5430.913611,55.579858
5431.170556,54.612019
5431.394444,54.612019
5431.636389,54.612019
5431.832222,55.579858
5431.891389,54.612019
5432.157222,54.612019
5432.381389,54.612019
5432.495556,54.612019
5433.073611,54.612019
5433.279444,54.612019
5433.392222,54.612019
5433.630556,54.612019
5433.827222,54.612019
5433.885278,54.612019
5434.142778,54.612019
5434.355278,54.612019
5434.501389,54.612019
5434.875556,55.579858
5435.126389,54.612019
5435.340278,55.579858
5435.405278,55.579858
5435.6475,54.612019
5435.875833,55.579858
5436.133889,54.612019
5436.347222,54.612019
5436.524444,55.579858
5436.942778,54.612019
5437.203333,54.612019
5437.419722,55.579858
5437.675556,55.579858
5437.949167,54.612019
5438.232222,54.612019
5438.550833,54.612019
5438.993333,54.612019
5439.270278,54.612019
5439.436667,54.612019
5439.505278,54.612019
5439.797778,55.579858
5439.971111,54.612019
5440.262222,54.612019
5440.548889,54.612019
5440.970556,54.612019
5441.234722,54.612019
5441.479167,54.612019
5441.737222,54.612019
5441.925556,54.612019
5442.201944,54.612019
5442.515833,54.612019
5443.284722,54.612019
5443.422222,54.612019
5443.703333,54.612019
5443.91,54.612019
5444.1675,55.579858
5444.548056,54.612019
5444.943056,54.612019
5445.198056,54.612019
5445.391944,55.579858
5445.654167,54.612019
5445.916389,55.579858
5446.168333,54.612019
5446.493889,54.612019
5446.88,55.579858
5447.120556,54.612019
5447.317778,54.612019
5447.378056,54.612019
5447.637222,54.612019
5447.822778,54.612019
5447.904167,54.612019
5448.153611,54.612019
5448.366111,54.612019
5448.482778,55.579858
5449.076389,55.579858
5449.277778,54.612019
5449.424722,54.612019
5449.628611,54.612019
5449.824167,54.612019
5449.929167,54.612019
5450.155833,54.612019
5450.491389,54.612019
5450.856389,54.612019
5451.076389,54.612019
5451.288611,55.579858
5451.435278,54.612019
5451.681389,54.612019
5451.899444,54.612019
5452.129167,54.612019
5452.3325,54.612019
5452.486667,54.612019
5452.857778,54.612019
5453.098611,54.612019
5453.299722,54.612019
5453.406667,54.612019
5453.646111,54.612019
5453.87,54.612019
5454.108889,54.612019
5454.305556,54.612019
5454.388611,54.612019
5454.503889,54.612019
5455.087778,55.579858
5455.281111,54.612019
5455.418889,55.579858
5455.620833,54.612019
5455.810556,54.612019
5455.905278,54.612019
5456.122222,54.612019
5456.308889,55.579858
5456.370556,54.612019
5456.483056,54.612019
5457.073889,54.612019
5457.277778,54.612019
5457.425,55.579858
5457.665556,54.612019
5457.939722,54.612019
5458.151389,54.612019
5458.5025,54.612019
5458.871667,54.612019
5459.086389,54.612019
5459.280833,55.579858
5459.388611,54.612019
5459.625833,54.612019
5459.842778,55.579858
5459.922222,55.579858
5460.174722,54.612019
5460.489722,54.612019
5460.864167,54.612019
5461.108333,54.612019
5461.296667,55.579858
5461.377778,55.579858
5461.621944,54.612019
5461.826944,54.612019
5461.908333,54.612019
5462.184444,54.612019
5462.536111,54.612019
5462.954722,54.612019
5463.198611,54.612019
5463.411389,54.612019
5463.653889,54.612019
5463.896944,54.612019
5464.151944,54.612019
5464.511389,55.579858
5464.921944,54.612019
5465.176944,54.612019
5465.397778,54.612019
5465.6475,54.612019
5465.889444,55.579858
5466.152222,54.612019
5466.541667,54.612019
5466.953333,54.612019
5467.243889,54.612019
5467.458056,54.612019
5467.713889,54.612019
5467.947222,55.579858
5468.319444,54.612019
5468.509722,54.612019
5468.922222,54.612019
5469.168333,54.612019
5469.396389,54.612019
5469.64,55.579858
5469.838333,54.612019
5469.898333,54.612019
5470.158611,54.612019
5470.381667,54.612019
5470.498611,54.612019
5471.113056,54.612019
5471.335,54.612019
5471.41,54.612019
5471.669722,54.612019
5471.916389,54.612019
5472.130833,54.612019
5472.325278,54.612019
5472.386944,54.612019
5472.511389,54.612019
5473.086944,54.612019
5473.301389,54.612019
5473.399167,54.612019
5473.636111,54.612019
5473.841944,54.612019
5473.908056,54.612019
5474.169722,54.612019
5474.488056,54.612019
5474.865833,54.612019
5475.075556,54.612019
5475.2925,54.612019
5475.464722,54.612019
5475.711111,55.579858
5475.953056,55.579858
5476.176389,54.612019
5476.507778,54.612019
5476.865833,54.612019
5477.11,54.612019
5477.321667,54.612019
5477.417778,54.612019
5477.625,54.612019
5477.830278,54.612019
5477.895278,54.612019
5478.142222,54.612019
5478.333333,54.612019
5478.476111,54.612019
5478.838611,54.612019
5479.084444,54.612019
5479.296111,54.612019
5479.393611,54.612019
5479.626111,54.612019
5479.816667,54.612019
5479.875833,54.612019
5480.118333,54.612019
5480.308889,54.612019
5480.367222,54.612019
5480.486944,54.612019
5480.991944,54.612019
5481.243333,54.612019
5481.390556,54.612019
5481.633889,54.612019
5481.845833,54.612019
5481.941111,54.612019
5482.147778,54.612019
5482.361111,54.612019
5482.476111,54.612019
5483.065833,54.612019
5483.248056,54.612019
5483.413333,54.612019
5483.618611,54.612019
5483.809722,54.612019
5483.900833,54.612019
5484.121667,54.612019
5484.326944,54.612019
5484.494444,54.612019
5484.8725,55.579858
5485.078889,54.612019
5485.263333,54.612019
5485.421111,54.612019
5485.628333,54.612019
5485.83,55.579858
5485.904722,54.612019
5486.1575,54.612019
5486.374722,54.612019
5486.56,54.612019
5487.407222,54.612019
5487.662222,54.612019
5487.9525,55.579858
5488.211667,54.612019
5488.573333,54.612019
5488.978056,54.612019
5489.246944,54.612019
5489.479722,54.612019
5489.734167,54.612019
5489.934167,54.612019
5490.227778,54.612019
5491.376944,54.612019
5491.494444,54.612019
5491.959722,54.612019
5492.558889,54.612019
5493.114722,54.612019
5493.337222,54.612019
5493.451111,54.612019
5493.699444,54.612019
5493.909444,55.579858
5494.117778,54.612019
5494.316111,54.612019
5494.376667,54.612019
5494.536111,55.579858
5495.158333,55.579858
5495.419444,54.612019
5495.652222,55.579858
5495.884722,54.612019
5496.133889,55.579858
5496.331111,54.612019
5496.471111,54.612019
5496.841944,54.612019
5497.085278,54.612019
5497.290833,54.612019
5497.405556,54.612019
5497.64,54.612019
5497.84,54.612019
5497.905833,54.612019
5498.160833,54.612019
5498.384722,54.612019
5498.495556,54.612019
5499.068889,54.612019
5499.263611,54.612019
5499.444722,54.612019
5499.7,54.612019
5499.901944,54.612019
5500.148611,54.612019
5500.366667,54.612019
5500.476389,54.612019
5500.974444,54.612019
5501.219167,54.612019
5501.363056,54.612019
5501.586667,54.612019
5501.778333,54.612019
5501.870278,54.612019
5502.139722,54.612019
5502.346667,55.579858
5502.483056,54.612019
5502.8675,54.612019
5503.133333,54.612019
5503.325556,54.612019
5503.388056,54.612019
5503.624167,55.579858
5503.8125,54.612019
5503.873611,54.612019
5504.110833,55.579858
5504.307778,54.612019
5504.371389,54.612019
5504.501667,54.612019
5505.077778,54.612019
5505.276667,55.579858
5505.413611,54.612019
5505.607778,54.612019
5505.797222,54.612019
5505.887222,54.612019
5506.084722,54.612019
5506.281667,55.579858
5506.476389,54.612019
5506.858333,54.612019
5507.080556,54.612019
5507.289167,54.612019
5507.388611,55.579858
5507.655,54.612019
5507.909444,55.579858
5508.180833,54.612019
5508.566944,54.612019
5508.993333,54.612019
5509.24,54.612019
5509.462778,55.579858
5509.709167,54.612019
5509.923889,54.612019
5510.198056,55.579858
5510.525278,54.612019
5510.988333,55.579858
5511.224444,54.612019
5511.4725,54.612019
5511.745278,55.579858
5511.973889,54.612019
5512.258611,54.612019
5513.128056,54.612019
5513.314167,54.612019
5513.451667,55.579858
5513.723333,55.579858
5513.929722,54.612019
5514.556667,55.579858
5515.541944,54.612019
5516.005556,54.612019
5516.234722,54.612019
5516.574167,54.612019
5517.010278,54.612019
5517.253611,54.612019
5517.460833,54.612019
5517.706389,54.612019
5517.926111,55.579858
5518.198611,54.612019
5518.490556,54.612019
5518.88,54.612019
5519.135278,54.612019
5519.336667,54.612019
5519.4425,54.612019
5519.646944,54.612019
5519.920278,55.579858
5520.148611,54.612019
5520.505,54.612019
5520.916667,54.612019
5521.131111,54.612019
5521.324444,54.612019
5521.393889,54.612019
5521.643333,54.612019
5521.847778,54.612019
5521.91,54.612019
5522.163056,55.579858
5522.391944,54.612019
5522.504722,54.612019
5523.110833,54.612019
5523.311944,54.612019
5523.378333,54.612019
5523.6125,54.612019
5523.803333,54.612019
5523.861944,54.612019
5524.123333,54.612019
5524.312222,54.612019
5524.385278,54.612019
5524.536944,54.612019
5525.161389,54.612019
5525.396111,55.579858
5525.597222,55.579858
5525.785833,54.612019
5525.8875,55.579858
5526.121944,54.612019
5526.326389,54.612019
5526.389167,54.612019
5526.508333,54.612019
5527.104722,55.579858
5527.299722,54.612019
5527.371389,54.612019
5527.606111,54.612019
5527.818056,55.579858
5527.885,54.612019
5528.109722,55.579858
5528.300278,54.612019
5528.377778,54.612019
5528.501111,55.579858
5529.108333,54.612019
5529.303889,54.612019
5529.366389,54.612019
5529.600556,54.612019
5529.8,55.579858
5529.900278,54.612019
5530.161667,54.612019
5530.378056,54.612019
5530.513333,54.612019
5531.130833,54.612019
5531.349444,55.579858
5531.425,54.612019
5531.680556,54.612019
5531.924722,54.612019
5532.393333,54.612019
5532.526111,54.612019
5533.160278,54.612019
5533.369444,55.579858
5533.615833,54.612019
5533.811944,54.612019
5533.895556,54.612019
5534.164444,54.612019
5534.542222,55.579858
5534.965,54.612019
5535.221944,54.612019
5535.439722,54.612019
5535.729167,54.612019
5535.939167,54.612019
5536.238333,54.612019
5536.5175,54.612019
5536.931111,54.612019
5537.212778,54.612019
5537.438333,54.612019
5537.712222,54.612019
5537.951111,54.612019
5538.246667,54.612019
5538.565,54.612019
5539.104444,54.612019
5539.431389,55.579858
5539.541944,54.612019
5539.801667,54.612019
5540.899167,54.612019
5541.006389,54.612019
5541.233333,54.612019
5541.449722,54.612019
5541.695833,54.612019
5541.9,54.612019
5542.200833,54.612019
5542.506944,54.612019
5542.931389,55.579858
5543.161389,54.612019
5543.384722,54.612019
5543.629444,54.612019
5543.828333,55.579858
5543.913333,55.579858
5544.176944,55.579858
5544.394722,54.612019
5544.559722,54.612019
5545.194167,54.612019
5545.396111,54.612019
5545.639167,54.612019
5545.833056,54.612019
5545.896389,54.612019
5546.144444,54.612019
5546.346111,54.612019
5546.498333,54.612019
5546.918611,54.612019
5547.123889,54.612019
5547.343333,54.612019
5547.433056,54.612019
5547.684167,54.612019
5547.905556,54.612019
5548.124722,55.579858
5548.323611,54.612019
5548.391389,54.612019
5548.546667,54.612019
5549.15,54.612019
5549.391944,54.612019
5549.623056,55.579858
5549.832778,54.612019
5549.891667,54.612019
5550.129444,54.612019
5550.319444,54.612019
5550.385556,54.612019
5550.515833,54.612019
5551.141389,54.612019
5551.328333,55.579858
5551.394444,55.579858
5551.653889,54.612019
5552.501389,54.612019
5552.881111,54.612019
5553.122778,55.579858
5553.213611,55.579858
5553.401944,54.612019
5553.694167,54.612019
5553.863889,54.612019
5554.131944,54.612019
5554.228611,54.612019
5554.518889,54.612019
5554.927778,54.612019
5555.175,54.612019
5555.36,55.579858
5555.611944,54.612019
5555.810833,54.612019
5555.901111,54.612019
5556.160556,54.612019
5556.395278,55.579858
5556.623611,55.579858
5557.199167,54.612019
5557.408889,54.612019
5557.6625,54.612019
5557.881111,54.612019
5558.148333,54.612019
5558.384444,54.612019
5558.585556,54.612019
5559.248333,55.579858
5559.490278,57.515535
5559.730278,57.515535
5559.947222,57.515535
5560.004444,57.515535
5560.358056,57.515535
5560.580278,57.515535
5561.156111,56.547697
5561.418611,56.547697
5561.754444,56.547697
5561.978056,56.547697
5562.259722,56.547697
5562.5625,55.579858
5563.126389,55.579858
5563.365,55.579858
5563.494167,55.579858
5563.767778,56.547697
5563.9775,56.547697
5564.311389,55.579858
5565.116111,56.547697
5565.325833,55.579858
5565.417778,55.579858
5565.675278,55.579858
5565.948333,56.547697
5566.180556,56.547697
5566.523889,55.579858
5566.978056,55.579858
5567.202222,55.579858
5567.431389,55.579858
5567.648611,56.547697
5567.903333,56.547697
5568.115833,55.579858
5568.313889,55.579858
5568.496389,55.579858
5568.873333,55.579858
5569.075556,55.579858
5569.266944,55.579858
5569.445,55.579858
5569.655833,55.579858
5569.915,55.579858
5570.122778,55.579858
5570.308056,56.547697
5570.481944,56.547697
5570.8675,55.579858
5571.094167,55.579858
5571.308333,55.579858
5571.425278,55.579858
5571.629722,55.579858
5571.833056,55.579858
5571.925556,55.579858
5572.131944,55.579858
5572.321944,56.547697
5572.481944,55.579858
5572.830278,56.547697
5572.986667,55.579858
5573.227778,55.579858
5573.420833,55.579858
5573.641667,55.579858
5573.841111,55.579858
5573.931944,55.579858
5574.137778,55.579858
5574.329444,55.579858
5574.485556,56.547697
5574.9025,55.579858
5575.114722,56.547697
5575.312222,56.547697
5575.4,56.547697
5575.605278,55.579858
5575.813889,55.579858
5575.911944,55.579858
5576.138611,55.579858
5576.344722,55.579858
5576.489167,55.579858
5576.876111,56.547697
5577.077222,55.579858
5577.270278,55.579858
5577.389444,56.547697
5577.619722,55.579858
5577.824444,56.547697
5577.9275,55.579858
5578.1475,55.579858
5578.481111,56.547697
5578.875556,55.579858
5579.093333,56.547697
5579.3125,55.579858
5579.448333,56.547697
5579.686944,54.612019
5579.933056,55.579858
5580.141389,55.579858
5580.337222,55.579858
5580.502778,55.579858
5580.986667,54.612019
5581.209444,55.579858
5581.446944,55.579858
5581.660556,56.547697
5581.938889,55.579858
5582.160833,55.579858
5582.541667,56.547697
5583.264167,55.579858
5583.470833,55.579858
5583.706667,55.579858
5583.938889,55.579858
5584.150278,55.579858
5584.556389,56.547697
5584.993333,55.579858
5585.250278,55.579858
5585.493056,55.579858
5585.740833,55.579858
5585.933611,54.612019
5586.265833,56.547697
5586.558056,55.579858
5587.153889,54.612019
5587.450833,55.579858
5587.7125,55.579858
5587.948333,56.547697
5588.254167,55.579858
5588.545556,56.547697
5589.005278,55.579858
5589.223889,55.579858
5589.446111,56.547697
5589.654444,55.579858
5589.881111,56.547697
5590.135,55.579858
5590.338889,55.579858
5590.486111,55.579858
5590.903333,55.579858
5591.148333,55.579858
5591.366111,55.579858
5591.601389,55.579858
5591.806944,55.579858
5591.875556,55.579858
5592.114444,55.579858
5592.313889,55.579858
5592.374722,55.579858
5592.494167,55.579858
5593.088333,55.579858
5593.280278,55.579858
5593.375,55.579858
5593.6025,55.579858
5593.8,55.579858
5593.901389,55.579858
5594.137778,55.579858
5594.323333,55.579858
5594.390278,55.579858
5594.501389,55.579858
5595.069444,56.547697
5595.249444,55.579858
5595.401667,55.579858
5595.677778,56.547697
5595.908889,55.579858
5596.155833,55.579858
5596.390556,55.579858
5596.5025,55.579858
5597.072222,55.579858
5597.268611,55.579858
5597.410556,55.579858
5597.659444,55.579858
5597.8975,56.547697
5598.163333,55.579858
5598.510278,55.579858
5598.899722,55.579858
5599.166667,56.547697
5599.392778,56.547697
5599.633611,56.547697
5599.830278,55.579858
5599.901944,55.579858
5600.165278,55.579858
5600.388333,56.547697
5600.523056,55.579858
5601.104167,55.579858
5601.309167,55.579858
5601.388056,55.579858
5601.662778,55.579858
5601.885278,55.579858
5602.132778,55.579858
5602.331111,55.579858
5602.483611,55.579858
5602.840278,55.579858
5603.0875,55.579858
5603.299167,56.547697
5603.399167,56.547697
5603.654722,55.579858
5603.884444,55.579858
5604.133889,56.547697
5604.342778,55.579858
5604.508333,55.579858
5604.909722,55.579858
5605.1675,55.579858
5605.432778,56.547697
5605.6775,55.579858
5605.912778,55.579858
5606.170833,55.579858
5606.57,55.579858
5606.905833,55.579858
5607.0775,55.579858
5607.288611,55.579858
5607.511111,55.579858
5607.711944,55.579858
5607.924167,55.579858
5609.133333,55.579858
5609.321111,55.579858
5609.581944,55.579858
5609.826944,55.579858
5609.893056,55.579858
5610.16,56.547697
5610.372222,55.579858
5610.475556,55.579858
5610.75,55.579858
5610.968333,54.612019
5611.256667,55.579858
5611.47,55.579858
5611.7875,55.579858
5612.243611,55.579858
5612.471111,55.579858
5612.763889,55.579858
5612.929444,55.579858
5613.179444,55.579858
5613.398056,55.579858
5613.630278,56.547697
5613.789444,55.579858
5614.3225,55.579858
5614.426111,55.579858
5614.660278,55.579858
5614.869444,55.579858
5614.941111,55.579858
5615.201389,55.579858
5615.413889,55.579858
5615.6525,55.579858
5615.757778,55.579858
5616.3,55.579858
5616.451389,55.579858
5616.681111,55.579858
5616.8975,55.579858
5617.133056,54.612019
5617.341111,55.579858
5617.416667,56.547697
5617.765278,55.579858
5618.147778,55.579858
5618.348611,55.579858
5618.421667,55.579858
5618.671667,55.579858
5618.871111,56.547697
5618.943333,55.579858
5619.204167,55.579858
5619.460278,55.579858
5619.778611,55.579858
5620.16,55.579858
5620.357778,55.579858
5620.428889,55.579858
5620.679444,54.612019
5620.894167,55.579858
5620.974722,55.579858
5621.239444,55.579858
5621.443056,55.579858
5621.771944,55.579858
5622.186944,55.579858
5622.4275,55.579858
5622.685833,55.579858
5622.922222,55.579858
5623.165833,55.579858
5623.362778,55.579858
5623.4325,55.579858
5623.771111,55.579858
5624.145,55.579858
5624.343611,55.579858
5624.428889,55.579858
5624.698611,55.579858
5624.938611,54.612019
5625.206944,55.579858
5625.444444,55.579858
5625.770278,54.612019
5626.143889,55.579858
5626.363056,55.579858
5626.446389,55.579858
5626.714167,55.579858
5626.966944,55.579858
5627.233056,55.579858
5627.432778,54.612019
5627.781944,54.612019
5628.164167,55.579858
5628.3725,55.579858
5628.4525,54.612019
5628.6925,55.579858
5628.931389,54.612019
5629.191944,55.579858
5629.430833,55.579858
5630.270278,55.579858
5630.513889,55.579858
5630.817222,54.612019
5631.001111,54.612019
5631.321944,55.579858
5631.531389,55.579858
5631.627778,55.579858
5631.835556,55.579858
5632.432778,55.579858
5632.778056,55.579858
5632.998056,55.579858
5633.317222,55.579858
5633.646944,55.579858
5633.865556,55.579858
5634.508889,55.579858
5634.842778,55.579858
5635.107778,55.579858
5635.550556,55.579858
5635.838611,54.612019
5636.422222,55.579858
5636.596944,54.612019
5636.797778,55.579858
5637.229444,55.579858
5637.421389,55.579858
5637.650556,55.579858
5637.783333,54.612019
5638.361667,54.612019
5638.433611,55.579858
5638.669722,55.579858
5638.869444,54.612019
5638.951111,55.579858
5639.186111,55.579858
5639.423611,55.579858
5639.66,55.579858
5639.766944,55.579858
5640.306944,54.612019
5640.452778,55.579858
5640.679444,55.579858
5640.893611,55.579858
5641.130278,55.579858
5641.342222,55.579858
5641.434444,54.612019
5641.761111,54.612019
5642.128056,55.579858
5642.319167,55.579858
5642.456111,55.579858
5642.669444,55.579858
5642.871389,55.579858
5642.93,55.579858
5643.164722,55.579858
5643.355278,54.612019
5643.450556,54.612019
5643.653056,54.612019
5643.777222,54.612019
5644.323056,55.579858
5644.438889,55.579858
5644.669722,54.612019
5644.868333,55.579858
5644.935556,55.579858
5645.174167,55.579858
5645.356667,55.579858
5645.446944,55.579858
5645.657778,55.579858
5645.764722,55.579858
5646.315833,55.579858
5646.428611,55.579858
5646.662222,55.579858
5646.860556,55.579858
5646.939167,55.579858
5647.173056,55.579858
5647.385278,55.579858
5647.448611,55.579858
5647.76,55.579858
5648.106111,55.579858
5648.2975,55.579858
5648.453333,55.579858
5648.474722,55.579858
5648.6925,55.579858
5648.905,55.579858
5649.143611,55.579858
5649.356667,55.579858
5649.428611,54.612019
5649.756389,55.579858
5650.1125,54.612019
5650.321389,55.579858
5650.414167,55.579858
5650.508056,55.579858
5650.6475,55.579858
5650.843056,55.579858
5650.901667,55.579858
5651.131667,55.579858
5651.325833,54.612019
5651.414722,55.579858
5651.656944,55.579858
5651.789722,55.579858
5652.349722,55.579858
5652.445556,55.579858
5652.650278,55.579858
5652.856111,54.612019
5652.949444,54.612019
5653.185833,54.612019
5653.461389,55.579858
5653.671944,55.579858
5654.405278,55.579858
5654.531389,55.579858
5654.735,54.612019
5654.985556,55.579858
5655.468889,54.612019
5656.232222,55.579858
5656.460278,55.579858
5656.748056,55.579858
5656.997222,55.579858
5657.284722,55.579858
5657.468889,55.579858
5657.821667,54.612019
5658.273056,55.579858
5658.4775,55.579858
5658.7375,54.612019
5658.943056,55.579858
5659.215833,55.579858
5659.478333,55.579858
5659.822778,55.579858
5660.272778,55.579858
5660.484444,55.579858
5660.743889,54.612019
5660.957778,54.612019
5661.240278,55.579858
5661.451389,55.579858
5661.780833,55.579858
5662.212222,55.579858
5662.419722,54.612019
5662.666389,55.579858
5662.736667,55.579858
5662.940833,55.579858
5663.216389,55.579858
5663.416111,54.612019
5663.663611,55.579858
5663.792222,55.579858
5664.228889,55.579858
5664.449444,55.579858
5664.942222,55.579858
5665.1425,55.579858
5665.249722,55.579858
5665.444167,55.579858
5665.759444,54.612019
5666.138333,55.579858
5666.384444,55.579858
5666.476389,55.579858
5666.744167,55.579858
5666.946111,55.579858
5667.171111,55.579858
5667.191667,55.579858
5667.511944,54.612019
5667.781111,55.579858
5668.189167,54.612019
5668.413056,55.579858
5668.6575,55.579858
5668.873333,55.579858
5668.975278,55.579858
5669.213889,55.579858
5669.441944,55.579858
5669.649167,55.579858
5669.779444,55.579858
5670.317778,55.579858
5670.4225,55.579858
5670.673056,55.579858
5670.869444,55.579858
5670.932222,55.579858
5671.183056,54.612019
5671.440833,54.612019
5671.804444,55.579858
5672.173611,54.612019
5672.374444,55.579858
5672.456389,55.579858
5672.687222,55.579858
5672.925833,55.579858
5673.171111,55.579858
5673.364722,54.612019
5673.456389,55.579858
5673.667222,55.579858
5673.784167,55.579858
5674.340556,55.579858
5674.434722,55.579858
5674.670278,54.612019
5674.878056,55.579858
5674.955556,55.579858
5675.203333,55.579858
5675.439167,55.579858
5675.804722,54.612019
5676.239167,54.612019
5676.468056,54.612019
5676.749167,55.579858
5676.951389,55.579858
5677.198333,54.612019
5677.432222,55.579858
5677.798056,55.579858
5678.229444,55.579858
5678.458333,55.579858
5678.701667,55.579858
5678.911111,55.579858
5679.166667,55.579858
5679.357778,54.612019
5679.45,54.612019
5679.798333,55.579858
5680.196944,55.579858
5680.409444,54.612019
5680.660556,54.612019
5680.858056,55.579858
5680.926389,55.579858
5681.196389,54.612019
5681.446111,55.579858
5681.781944,54.612019
5682.195833,55.579858
5682.427778,55.579858
5682.678611,55.579858
5682.9275,55.579858
5683.197222,55.579858
5683.415278,55.579858
5683.675278,54.612019
5683.801667,55.579858
5684.365556,55.579858
5684.437222,55.579858
5684.680556,55.579858
5684.909444,54.612019
5685.149722,55.579858
5685.359722,56.547697
5685.429167,55.579858
5685.779167,55.579858
5686.206944,54.612019
5686.43,55.579858
5686.657222,55.579858
5686.862778,55.579858
5686.933889,55.579858
5687.168056,55.579858
5687.364722,56.547697
5687.433056,55.579858
5687.776389,54.612019
5688.161389,55.579858
5688.368333,55.579858
5688.447778,55.579858
5688.720833,55.579858
5688.938889,55.579858
5689.178889,55.579858
5689.430833,55.579858
5689.658333,55.579858
5689.766667,55.579858
5690.2925,55.579858
5690.436667,55.579858
5690.685556,55.579858
5690.9125,54.612019
5691.189722,55.579858
5691.426111,55.579858
5691.652778,55.579858
5691.773056,54.612019
5692.298333,55.579858
5692.455833,55.579858
5692.69,55.579858
5692.917778,55.579858
5693.174167,55.579858
5693.365278,55.579858
5693.427778,55.579858
5693.762778,55.579858
5694.118333,55.579858
5694.312222,55.579858
5694.403056,55.579858
5694.632778,55.579858
5694.821389,55.579858
5694.909167,55.579858
5695.154167,55.579858
5695.350556,55.579858
5695.408333,55.579858
5695.666667,56.547697
5695.774167,55.579858
5696.319167,55.579858
5696.4225,55.579858
5696.668889,55.579858
5696.873611,55.579858
5696.941667,55.579858
5697.184167,55.579858
5697.463611,55.579858
5697.776111,55.579858
5698.159444,55.579858
5698.356944,56.547697
5698.423611,55.579858
5698.670556,56.547697
5698.861111,55.579858
5698.948333,55.579858
5699.163333,55.579858
5699.352778,55.579858
5699.456389,56.547697
5699.799444,55.579858
5700.249167,55.579858
5700.469167,55.579858
5700.754444,55.579858
5700.972778,55.579858
5701.216667,56.547697
5701.4825,55.579858
5701.807222,55.579858
5702.2525,56.547697
5702.517778,56.547697
5702.729444,55.579858
5702.9725,55.579858
5703.188333,55.579858
5703.413611,55.579858
5703.644444,55.579858
5703.808333,55.579858
5704.38,55.579858
5704.453889,55.579858
5704.700833,55.579858
5704.973611,55.579858
5705.190833,55.579858
5705.414722,55.579858
5705.678056,55.579858
5705.703333,55.579858
5705.810833,55.579858
5706.327222,56.547697
5706.449444,56.547697
5706.691111,55.579858
5706.906667,55.579858
5707.155,55.579858
5707.3725,56.547697
5707.434722,56.547697
5707.718056,56.547697
5707.766667,55.579858
5708.167778,56.547697
5708.358056,56.547697
5708.426389,56.547697
5708.666667,55.579858
5708.854722,55.579858
5708.919722,55.579858
5709.174167,55.579858
5709.361389,56.547697
5709.452778,56.547697
5709.665556,56.547697
5709.766944,56.547697
5710.319444,55.579858
5710.411667,55.579858
5710.661944,55.579858
5710.850833,55.579858
5710.911667,55.579858
5711.161111,56.547697
5711.366667,55.579858
5711.449167,55.579858
5711.7575,55.579858
5712.152222,55.579858
5712.360833,55.579858
5712.423611,55.579858
5712.674167,56.547697
5712.879444,56.547697
5712.960278,55.579858
5713.206111,55.579858
5713.4175,55.579858
5713.664167,55.579858
5713.776667,55.579858
5714.302222,55.579858
5714.454167,55.579858
5714.702222,55.579858
5714.933611,55.579858
5715.206944,55.579858
5715.467778,55.579858
5715.775833,55.579858
5716.152778,56.547697
5716.356944,55.579858
5716.431667,56.547697
5716.680556,55.579858
5716.941944,55.579858
5717.090556,55.579858
5717.168056,55.579858
5717.3675,55.579858
5717.488333,55.579858
5717.771389,55.579858
5718.143056,55.579858
5718.343333,55.579858
5718.458889,55.579858
5718.677222,55.579858
5718.942222,55.579858
5719.0925,55.579858
5719.151111,55.579858
5719.350556,55.579858
5719.439444,55.579858
5719.659444,56.547697
5719.766944,56.547697
5720.323333,55.579858
5720.480556,55.579858
5720.691389,56.547697
5720.931389,55.579858
5721.148056,55.579858
5721.338611,55.579858
5721.396944,55.579858
5721.652222,56.547697
5721.778056,55.579858
5722.340833,56.547697
5722.419167,56.547697
5722.679722,55.579858
5722.919722,55.579858
5723.158611,55.579858
5723.354444,55.579858
5723.450833,56.547697
5723.673611,56.547697
5723.814167,55.579858
5724.363333,56.547697
5724.449444,55.579858
5724.651111,55.579858
5724.853889,55.579858
5724.948056,55.579858
5725.190556,55.579858
5725.441389,56.547697
5725.799444,56.547697
5726.384444,55.579858
5726.505833,56.547697
5726.736111,55.579858
5726.978889,55.579858
5727.207778,55.579858
5727.446111,55.579858
5727.818611,56.547697
5728.295833,56.547697
5728.534444,55.579858
5728.773611,56.547697
5729.070556,55.579858
5729.258889,55.579858
5729.498889,55.579858
5729.838333,56.547697
5730.260278,55.579858
5730.498889,56.547697
5730.788333,55.579858
5730.961389,55.579858
5731.243333,56.547697
5731.451111,56.547697
5731.736389,56.547697
5731.788611,56.547697
5732.251667,55.579858
5732.503056,56.547697
5732.728333,55.579858
5732.964722,55.579858
5733.176111,56.547697
5733.3825,55.579858
5733.4825,55.579858
5733.739444,55.579858
5733.793333,55.579858
5734.212778,55.579858
5734.474167,56.547697
5734.712778,56.547697
5734.992778,56.547697
5735.221389,55.579858
5735.459722,56.547697
5735.786389,55.579858
5736.134444,56.547697
5736.336111,56.547697
5736.475278,56.547697
5736.7125,56.547697
5736.959722,56.547697
5737.210278,56.547697
5737.440833,56.547697
5737.765833,56.547697
5738.133889,56.547697
5738.338889,55.579858
5738.461389,55.579858
5738.668056,55.579858
5738.851389,55.579858
5738.922222,56.547697
5739.168611,56.547697
5739.373889,55.579858
5739.442222,55.579858
5739.809444,55.579858
5740.173333,55.579858
5740.3725,55.579858
5740.451667,55.579858
5740.713889,55.579858
5740.954167,55.579858
5741.195556,55.579858
5741.408889,55.579858
5741.648056,55.579858
5741.775278,55.579858
5742.324167,56.547697
5742.425556,56.547697
5742.674722,56.547697
5742.873889,56.547697
5742.943889,56.547697
5743.181111,56.547697
5743.368889,56.547697
5743.436389,56.547697
5743.673333,55.579858
5743.792778,55.579858
5744.323333,56.547697
5744.431389,56.547697
5744.716111,55.579858
5744.953889,56.547697
5745.202222,56.547697
5745.455833,56.547697
5745.663889,55.579858
5745.775278,55.579858
5746.294722,55.579858
5746.389444,55.579858
5746.426389,56.547697
5746.663611,56.547697
5746.856944,56.547697
5746.915,56.547697
5747.156944,56.547697
5747.345,56.547697
5747.417778,56.547697
5747.664167,56.547697
5747.781389,56.547697
5748.317222,56.547697
5748.399444,56.547697
5748.418889,56.547697
5748.680556,56.547697
5748.928056,56.547697
5749.213056,55.579858
5749.420833,55.579858
5749.648333,55.579858
5749.758333,55.579858
5750.2975,55.579858
5750.442222,55.579858
5750.666667,55.579858
5750.8575,56.547697
5750.918056,56.547697
5751.163611,56.547697
5751.361944,56.547697
5751.4325,56.547697
5751.7525,56.547697
5752.121389,56.547697
5752.312778,56.547697
5752.406389,56.547697
5752.643333,56.547697
5752.834722,56.547697
5752.902222,56.547697
5753.134444,56.547697
5753.325,56.547697
5753.413611,56.547697
5753.671944,56.547697
5753.796944,56.547697
5754.345,55.579858
5754.4025,55.579858
5754.634722,55.579858
5754.831111,56.547697
5754.928056,56.547697
5755.178611,56.547697
5755.371111,55.579858
5755.463056,55.579858
5755.783333,56.547697
5756.163889,56.547697
5756.355278,56.547697
5756.416944,56.547697
5756.68,56.547697
5756.911389,56.547697
5757.161389,55.579858
5757.357222,56.547697
5757.434444,56.547697
5757.673889,56.547697
5757.790833,55.579858
5758.351944,56.547697
5758.4675,55.579858
5758.713889,56.547697
5758.944722,56.547697
5759.202222,56.547697
5759.430278,56.547697
5759.675,56.547697
5759.792222,55.579858
5760.304722,56.547697
5760.42,56.547697
5760.653056,56.547697
5760.850556,55.579858
5760.9225,55.579858
5761.061944,55.579858
5761.163611,56.547697
5761.372222,56.547697
5761.446944,56.547697
5761.770278,56.547697
5762.112778,55.579858
5762.318333,56.547697
5762.468889,56.547697
5762.711111,56.547697
5762.951389,56.547697
5763.102222,56.547697
5763.200278,56.547697
5763.425556,55.579858
5763.656389,56.547697
5763.774722,56.547697
5764.296389,56.547697
5764.432222,56.547697
5764.670278,56.547697
5764.875556,56.547697
5764.95,56.547697
5765.193889,55.579858
5765.423889,55.579858
5765.756111,55.579858
5766.129444,55.579858
5766.330278,55.579858
5766.438611,55.579858
5766.682222,56.547697
5766.919444,55.579858
5767.158611,55.579858
5767.355,55.579858
5767.431389,55.579858
5767.668333,56.547697
5767.784167,56.547697
5768.317222,56.547697
5768.464722,55.579858
5768.723611,55.579858
5768.945556,55.579858
5769.194722,55.579858
5769.443611,55.579858
5769.760556,55.579858
5770.114722,56.547697
5770.306111,55.579858
5770.473611,56.547697
5770.711667,56.547697
5770.931389,56.547697
5771.186389,56.547697
5771.413889,56.547697
5771.663056,55.579858
5771.776944,56.547697
5772.307778,56.547697
5772.491944,56.547697
5772.760556,56.547697
5772.953056,55.579858
5773.195556,55.579858
5773.444722,56.547697
5773.789167,56.547697
5774.545,56.547697
5774.796111,56.547697
5774.990556,56.547697
5775.260833,56.547697
5775.446389,55.579858
5775.721944,56.547697
5775.903611,56.547697
5776.175278,56.547697
5776.390278,56.547697
5776.531389,55.579858
5776.778056,55.579858
5777.064167,56.547697
5777.255278,56.547697
5777.452222,56.547697
5777.519722,56.547697
5777.723611,56.547697
5777.774167,55.579858
5777.917778,56.547697
5778.493333,56.547697
5778.607778,56.547697
5778.815556,55.579858
5779.08,56.547697
5779.271389,56.547697
5779.461944,55.579858
5779.583889,55.579858
5779.873889,56.547697
5780.251944,56.547697
5780.469167,56.547697
5780.544722,56.547697
5780.778611,56.547697
5781.066667,55.579858
5781.254444,56.547697
5781.4625,56.547697
5781.580278,56.547697
5781.862778,56.547697
5782.208056,55.579858
5782.421111,56.547697
5782.533333,56.547697
5782.776389,56.547697
5782.978611,56.547697
5783.091944,55.579858
5783.313056,55.579858
5783.568889,56.547697
5783.755278,56.547697
5783.861944,56.547697
5784.396111,55.579858
5784.538056,56.547697
5784.775,56.547697
5784.966111,56.547697
5785.080278,56.547697
5785.286944,56.547697
5785.524167,56.547697
5785.768889,56.547697
5785.883056,56.547697
5786.392222,56.547697
5786.535278,56.547697
5786.798889,56.547697
5787.078056,56.547697
5787.26,56.547697
5787.459722,56.547697
5787.595,55.579858
5787.863889,56.547697
5788.278611,56.547697
5788.505,56.547697
5788.746944,56.547697
5788.954167,55.579858
5789.091944,55.579858
5789.291389,56.547697
5789.513056,56.547697
5789.751389,55.579858
5789.855556,55.579858
5790.383889,56.547697
5790.4775,56.547697
5790.524167,56.547697
5790.787778,56.547697
5791.064444,56.547697
5791.256111,56.547697
5791.459167,56.547697
5791.571944,56.547697
5791.765278,56.547697
5791.88,55.579858
5792.405,56.547697
5792.509722,56.547697
5792.559167,56.547697
5792.822222,56.547697
5793.095556,55.579858
5793.299722,56.547697
5793.514167,56.547697
5793.761389,56.547697
5793.863056,56.547697
5794.388611,55.579858
5794.532222,56.547697
5794.771944,56.547697
5794.961944,55.579858
5795.087778,55.579858
5795.284167,55.579858
5795.5875,56.547697
5795.775556,56.547697
5795.879167,56.547697
5796.398889,56.547697
5796.541111,55.579858
5796.780278,56.547697
5796.97,56.547697
5797.0875,56.547697
5797.275,56.547697
5797.473056,56.547697
5797.589444,56.547697
5797.865,56.547697
5798.238611,56.547697
5798.434167,56.547697
5798.506667,56.547697
5798.733333,56.547697
5798.931389,56.547697
5799.148889,56.547697
5801.834167,55.579858
5801.900833,56.547697
5802.326111,56.547697
5802.594722,56.547697
5802.836667,56.547697
5803.123056,56.547697
5803.292222,56.547697
5803.536111,56.547697
5803.746944,56.547697
5803.852778,56.547697
5804.383889,56.547697
5804.636667,56.547697
5804.822778,56.547697
5805.146111,56.547697
5805.298333,56.547697
5805.604722,55.579858
5805.864722,56.547697
5806.216667,56.547697
5806.413056,55.579858
5806.548611,56.547697
5806.770556,56.547697
5806.970833,56.547697
5807.125,56.547697
5807.283611,57.515535
5807.621111,56.547697
5807.776389,56.547697
5807.886111,56.547697
5808.243333,55.579858
5808.451389,56.547697
5808.565556,56.547697
5808.784444,56.547697
5809.085833,56.547697
5809.2575,56.547697
5809.458333,56.547697
5809.6025,55.579858
5809.822778,55.579858
5809.866944,56.547697
5810.240833,56.547697
5810.436944,56.547697
5810.539722,55.579858
5810.761389,56.547697
5810.964444,55.579858
5811.116111,56.547697
5811.288889,56.547697
5811.5875,56.547697
5811.76,56.547697
5811.878333,55.579858
5812.431111,56.547697
5812.558889,56.547697
5812.796667,55.579858
5813.106111,56.547697
5813.267222,56.547697
5813.468611,56.547697
5813.621111,56.547697
5813.873056,55.579858
5814.228611,56.547697
5814.435556,56.547697
5814.627778,56.547697
5814.801111,56.547697
5815.152778,56.547697
5815.333056,55.579858
5815.604167,56.547697
5815.763333,56.547697
5815.881111,56.547697
5816.410833,56.547697
5816.591111,56.547697
5816.798889,56.547697
5817.103333,56.547697
5817.274722,56.547697
5817.477222,56.547697
5817.63,56.547697
5817.878611,56.547697
5818.259167,57.515535
5818.468333,56.547697
5818.576944,56.547697
5818.793333,55.579858
5819.104444,55.579858
5819.275556,56.547697
5819.477222,56.547697
5819.652222,56.547697
5819.874167,56.547697
5820.279444,56.547697
5820.527778,56.547697
5820.732222,56.547697
5820.944444,56.547697
5821.101667,56.547697
5821.271389,56.547697
5821.478889,56.547697
5821.632222,56.547697
5821.885278,56.547697
5822.285,57.515535
5822.58,57.515535
5822.616111,56.547697
5822.7725,57.515535
5822.9825,56.547697
5823.143333,56.547697
5823.330833,56.547697
5823.614722,56.547697
5823.778611,56.547697
5823.893611,56.547697
5824.464722,56.547697
5824.596389,56.547697
5824.617222,55.579858
5824.820833,56.547697
5825.105556,56.547697
5825.327222,56.547697
5825.600833,56.547697
5825.883333,56.547697
5826.284167,56.547697
5826.596111,56.547697
5826.875278,56.547697
5827.180278,56.547697
5827.345,56.547697
5827.534167,55.579858
5827.898333,56.547697
5828.313889,56.547697
5828.603333,56.547697
5828.81,56.547697
5829.1325,56.547697
5829.306111,56.547697
5829.635278,56.547697
5829.897222,56.547697
5830.28,56.547697
5830.490556,56.547697
5830.611389,56.547697
5830.770278,56.547697
5830.986667,55.579858
5831.141944,56.547697
5831.313056,56.547697
5831.609167,56.547697
5831.887778,56.547697
5832.286944,56.547697
5832.503611,56.547697
5832.743333,56.547697
5832.951389,56.547697
5833.073056,57.515535
5833.275,56.547697
5833.471944,56.547697
5833.591944,56.547697
5833.776389,56.547697
5833.9025,56.547697
5834.432222,56.547697
5834.508611,56.547697
5834.76,56.547697
5834.954722,56.547697
5835.087222,56.547697
5835.28,56.547697
5835.520278,57.515535
5835.754722,56.547697
5835.8675,56.547697
5836.406111,56.547697
5836.523611,56.547697
5836.758611,56.547697
5836.949167,56.547697
5837.067778,56.547697
5837.277778,56.547697
5837.379722,56.547697
5837.489722,56.547697
5837.611944,57.515535
5837.8925,56.547697
5838.274444,56.547697
5838.485278,56.547697
5838.608889,56.547697
5838.8,56.547697
5839.111944,56.547697
5839.297778,56.547697
5839.396944,56.547697
5839.520833,56.547697
5839.761667,56.547697
5839.871944,56.547697
5840.542778,56.547697
5840.932778,55.579858
5841.140278,56.547697
5841.372222,56.547697
5841.6175,55.579858
5841.904444,56.547697
5842.276667,56.547697
5842.468056,56.547697
5842.72,56.547697
5842.828889,57.515535
5843.072778,56.547697
5843.286944,57.515535
5843.483889,56.547697
5843.750278,56.547697
5843.9,56.547697
5844.316944,56.547697
5844.626389,56.547697
5844.832778,56.547697
5845.1025,56.547697
5845.317778,56.547697
5845.648056,56.547697
5845.88,56.547697
5846.348611,56.547697
5846.560556,56.547697
5846.803056,56.547697
5847.1,56.547697
5847.296667,56.547697
5847.594722,57.515535
5847.901944,56.547697
5848.313333,56.547697
5848.621389,56.547697
5848.846111,56.547697
5849.115833,56.547697
5849.316667,56.547697
5849.518333,56.547697
5849.775833,56.547697
5849.9925,56.547697
5850.574444,56.547697
5851.321389,56.547697
5851.603611,57.515535
5851.924167,56.547697
5852.058056,56.547697
5852.326111,57.515535
5852.643611,56.547697
5852.851667,56.547697
5853.18,56.547697
5853.337778,57.515535
5853.576944,56.547697
5853.729722,56.547697
5853.882222,57.515535
5854.138333,57.515535
5854.401667,55.579858
5854.542222,56.547697
5854.799722,56.547697
5855.078056,56.547697
5855.276944,56.547697
5855.479167,56.547697
5855.608611,56.547697
5855.886111,56.547697
5856.276111,56.547697
5856.462222,56.547697
5856.532778,56.547697
5856.781667,57.515535
5857.008056,57.515535
5857.254444,56.547697
5857.443056,56.547697
5857.508056,56.547697
5857.754167,56.547697
5857.861111,55.579858
5858.431944,56.547697
5858.5275,56.547697
5858.751389,56.547697
5858.947222,56.547697
5859.009167,56.547697
5859.2525,56.547697
5859.437778,56.547697
5859.498889,56.547697
5859.749444,56.547697
5859.881667,56.547697
5860.388611,56.547697
5860.526944,56.547697
5860.79,56.547697
5860.997222,56.547697
5861.246944,56.547697
5861.441944,57.515535
5861.510833,57.515535
5861.730556,56.547697
5861.877778,56.547697
5862.371389,56.547697
5862.506944,56.547697
5862.743333,56.547697
5862.927222,56.547697
5863.083333,56.547697
5863.274167,56.547697
5863.465,56.547697
5863.575833,56.547697
5863.856389,56.547697
5864.218333,56.547697
5864.400833,56.547697
5864.535833,56.547697
5864.778056,56.547697
5865.009444,56.547697
5865.274167,56.547697
5865.4475,56.547697
5865.504722,56.547697
5865.771944,56.547697
5865.874722,56.547697
5866.404444,57.515535
5866.494722,57.515535
5866.736667,56.547697
5866.757222,56.547697
5866.935,56.547697
5867.108333,56.547697
5867.316389,56.547697
5867.501111,57.515535
5867.733056,56.547697
5867.875556,56.547697
5868.353056,56.547697
5868.512222,57.515535
5868.755833,56.547697
5868.777222,56.547697
5868.955278,56.547697
5869.086667,56.547697
5869.289722,57.515535
5869.514167,56.547697
5869.765833,57.515535
5869.895278,56.547697
5870.438333,56.547697
5870.503056,56.547697
5870.743333,56.547697
5870.921389,56.547697
5870.999722,56.547697
5871.245278,56.547697
5871.424444,56.547697
5871.495,56.547697
5871.734167,57.515535
5871.883056,57.515535
5872.388889,56.547697
5872.512778,56.547697
5872.737778,57.515535
5872.930833,57.515535
5873.077222,56.547697
5873.28,57.515535
5873.499167,56.547697
5873.726389,56.547697
5873.882778,56.547697
5874.439167,56.547697
5874.579444,56.547697
5874.7625,57.515535
5874.9475,56.547697
5875.005833,56.547697
5875.246111,57.515535
5875.4475,57.515535
5875.519722,57.515535
5875.7725,56.547697
5875.894167,56.547697
5876.430278,57.515535
5876.577778,57.515535
5876.793333,57.515535
5876.988889,56.547697
5877.222778,56.547697
5877.410556,56.547697
5877.514722,56.547697
5877.741667,57.515535
5877.8575,57.515535
5878.392778,57.515535
5878.554444,57.515535
5878.761667,57.515535
5878.950833,57.515535
5879.100833,57.515535
5879.266667,57.515535
5879.45,57.515535
5879.505278,57.515535
5879.7375,57.515535
5879.885556,57.515535
5880.391111,57.515535
5880.557778,56.547697
5880.765833,56.547697
5880.953333,56.547697
5881.068333,56.547697
5881.251111,57.515535
5881.4525,57.515535
5881.469167,57.515535
5881.613889,57.515535
5881.773333,57.515535
5881.886944,56.547697
5882.43,57.515535
5882.529722,57.515535
5882.763333,57.515535
5882.946389,57.515535
5883.003056,57.515535
5883.249722,56.547697
5883.438889,56.547697
5883.480556,56.547697
5883.501944,56.547697
5883.732222,56.547697
5883.873333,56.547697
5884.391389,56.547697
5884.528056,57.515535
5884.757222,56.547697
5884.940278,57.515535
5884.992778,57.515535
5885.243056,57.515535
5885.430278,57.515535
5885.5875,57.515535
5885.735833,56.547697
5885.885278,56.547697
5886.3775,57.515535
5886.503333,56.547697
5886.763056,57.515535
5886.939167,57.515535
5887.078889,57.515535
5887.227778,56.547697
5887.415833,56.547697
5887.504167,56.547697
5887.742778,57.515535
5887.859167,56.547697
5888.396944,56.547697
5888.525278,57.515535
5888.758333,57.515535
5888.96,57.515535
5889.073611,57.515535
5889.279444,57.515535
5889.513056,57.515535
5889.735556,56.547697
5889.876667,56.547697
5890.365556,57.515535
5890.516389,57.515535
5890.755556,56.547697
5890.944444,56.547697
5891.002778,56.547697
5891.240833,56.547697
5891.4275,57.515535
5891.520556,57.515535
5891.769722,56.547697
5891.8775,56.547697
5892.395833,57.515535
5892.532778,57.515535
5892.773333,57.515535
5892.964167,57.515535
5893.105556,57.515535
5893.263333,57.515535
5893.462778,57.515535
5893.599167,57.515535
5893.758611,57.515535
5893.858056,57.515535
5893.918056,57.515535
5894.353611,57.515535
5894.455833,57.515535
5894.544444,57.515535
5894.741944,57.515535
5894.924444,57.515535
5895.106111,57.515535
5895.259722,57.515535
5895.445833,57.515535
5895.589167,57.515535
5895.735278,57.515535
5895.87,57.515535
5896.228889,57.515535
5896.372778,56.547697
5896.531944,57.515535
5896.724722,57.515535
5896.916944,57.515535
5897.000278,57.515535
5897.228611,56.547697
5897.415556,56.547697
5897.581111,57.515535
5897.74,57.515535
5897.882222,57.515535
5898.243611,57.515535
5898.386944,57.515535
5898.508056,57.515535
5898.758056,57.515535
5898.934444,57.515535
5899.080556,57.515535
5899.107778,57.515535
5899.168333,57.515535
5899.2925,57.515535
5899.318611,57.515535
5899.349444,56.547697
5899.383889,57.515535
5899.629722,56.547697
5899.8625,57.515535
5900.108611,57.515535
5900.274167,56.547697
5900.463333,56.547697
5900.712778,57.515535
5900.854722,57.515535
5900.993611,57.515535
5901.258056,56.547697
5901.448333,56.547697
5901.501667,56.547697
5901.740833,57.515535
5901.878611,56.547697
5902.369722,57.515535
5902.498333,57.515535
5902.736389,57.515535
5902.924722,57.515535
5903.068889,57.515535
5903.264167,56.547697
5903.44,56.547697
5903.5175,57.515535
5903.766111,56.547697
5903.883056,57.515535
5904.410278,57.515535
5904.494444,57.515535
5904.731389,57.515535
5904.916667,57.515535
5905.0725,57.515535
5905.252222,57.515535
5905.455278,57.515535
5905.515833,57.515535
5905.745556,57.515535
5905.866944,57.515535
5906.395,57.515535
5906.528611,57.515535
5906.756389,57.515535
5906.940278,56.547697
5906.994167,56.547697
5907.243889,56.547697
5907.429444,56.547697
5907.489722,57.515535
5907.723889,57.515535
5907.865833,56.547697
5908.381667,57.515535
5908.504444,57.515535
5908.76,57.515535
5908.949722,57.515535
5909.0075,57.515535
5909.240278,56.547697
5909.422222,57.515535
5909.512778,57.515535
5909.708056,57.515535
5909.908611,57.515535
5910.3525,57.515535
5910.580833,57.515535
5910.735,57.515535
5910.755556,57.515535
5910.918611,57.515535
5911.002778,57.515535
5911.258611,57.515535
5911.445278,56.547697
5911.503333,56.547697
5911.730556,56.547697
5911.873056,57.515535
5912.371944,57.515535
5912.504167,57.515535
5912.730833,57.515535
5912.781111,57.515535
5912.925556,56.547697
5913.008611,56.547697
5913.243333,57.515535
5913.421389,56.547697
5913.485833,56.547697
5913.718889,57.515535
5913.859722,57.515535
5914.355556,57.515535
5914.517222,57.515535
5914.752222,56.547697
5914.941389,57.515535
5914.998611,56.547697
5915.256389,56.547697
5915.434444,57.515535
5915.513611,57.515535
5915.744444,57.515535
5915.855,57.515535
5916.382222,57.515535
5916.523333,56.547697
5916.766111,57.515535
5916.949167,57.515535
5917.1,57.515535
5917.257222,56.547697
5917.439722,57.515535
5917.4975,57.515535
5917.740556,57.515535
5917.8825,57.515535
5918.380556,56.547697
5918.5125,57.515535
5918.738056,57.515535
5918.929722,57.515535
5919.001944,57.515535
5919.232222,57.515535
5919.415556,57.515535
5919.511389,57.515535
5919.743889,57.515535
5919.8675,57.515535
5920.396944,57.515535
5920.544167,57.515535
5920.768889,56.547697
5920.955278,57.515535
5921.073611,57.515535
5921.261667,57.515535
5921.445556,57.515535
5921.504167,57.515535
5921.721667,57.515535
5921.858611,57.515535
5922.3375,57.515535
5922.520556,57.515535
5922.760833,57.515535
5922.935556,57.515535
5923.008056,57.515535
5923.263611,57.515535
5923.447222,57.515535
5923.506944,57.515535
5923.740278,57.515535
5923.860556,57.515535
5924.375556,57.515535
5924.508333,57.515535
5924.743333,57.515535
5924.929167,57.515535
5924.992222,57.515535
5925.228611,57.515535
5925.238889,57.515535
5925.428611,57.515535
5925.507222,57.515535
5925.749722,57.515535
5925.858056,57.515535
5926.375833,57.515535
5926.512778,57.515535
5926.745278,57.515535
5926.933889,57.515535
5926.996389,57.515535
5927.229167,57.515535
5927.244722,57.515535
5927.446944,57.515535
5927.506111,57.515535
5927.738056,57.515535
5927.879722,57.515535
5928.390278,57.515535
5928.519167,57.515535
5928.749444,57.515535
5928.930833,57.515535
5928.988889,57.515535
5929.225278,57.515535
5929.409722,57.515535
5929.4975,57.515535
5929.728611,57.515535
5929.868333,57.515535
5930.356944,57.515535
5930.51,57.515535
5930.738611,57.515535
5930.931667,57.515535
5931.078056,57.515535
5931.264444,57.515535
5931.451944,57.515535
5931.511111,57.515535
5931.744444,57.515535
5931.873333,57.515535
5932.378056,57.515535
5932.518056,57.515535
5932.750833,56.547697
5932.928056,57.515535
5932.985,57.515535
5933.224167,57.515535
5933.413611,57.515535
5933.507778,57.515535
5933.735,57.515535
5933.874167,57.515535
5934.357222,57.515535
5934.501111,57.515535
5934.741111,57.515535
5934.949444,57.515535
5935.099167,57.515535
5935.253611,57.515535
5935.455833,57.515535
5935.510833,57.515535
5935.748889,57.515535
5935.862778,57.515535
5936.393333,57.515535
5936.431389,57.515535
5936.574722,57.515535
5936.798889,57.515535
5936.943333,57.515535
5937.07,57.515535
5937.266944,57.515535
5937.456389,57.515535
5937.509444,57.515535
5937.748333,57.515535
5937.863611,57.515535
5938.374444,57.515535
5938.548333,57.515535
5938.745278,57.515535
5938.927778,57.515535
5938.949167,57.515535
5939.08,57.515535
5939.238889,57.515535
5939.431944,56.547697
5939.619167,57.515535
5939.777222,57.515535
5939.905,57.515535
5940.446667,57.515535
5940.582778,57.515535
5940.734722,57.515535
5940.920833,57.515535
5941.089167,56.547697
5941.243889,57.515535
5941.433611,57.515535
5941.496944,57.515535
5941.737222,57.515535
5941.878333,57.515535
5942.394722,57.515535
5942.533889,57.515535
5942.775,57.515535
5942.952778,57.515535
5943.006111,57.515535
5943.238889,57.515535
5943.431389,57.515535
5943.510833,57.515535
5943.745,57.515535
5943.860278,57.515535
5944.387778,57.515535
5944.518611,57.515535
5944.750278,57.515535
5944.956111,57.515535
5945.066389,57.515535
5945.2475,57.515535
5945.440833,57.515535
5945.498611,57.515535
5945.724722,57.515535
5945.867222,57.515535
5946.371389,57.515535
5946.505278,57.515535
5946.733333,57.515535
5946.916389,57.515535
5947.004722,57.515535
5947.233611,56.547697
5947.424444,56.547697
5947.513333,57.515535
5947.755833,57.515535
5947.873889,57.515535
5948.398056,57.515535
5948.5675,57.515535
5948.769722,57.515535
5948.979722,57.515535
5949.093056,57.515535
5949.3025,57.515535
5949.496944,57.515535
5949.736944,57.515535
5949.868333,57.515535
5950.356944,57.515535
5950.506111,57.515535
5950.747778,57.515535
5950.945833,57.515535
5951.001111,57.515535
5951.240833,57.515535
5951.435,57.515535
5951.516111,57.515535
5951.605,57.515535
5951.769444,57.515535
5951.878333,57.515535
5952.404444,57.515535
5952.495833,57.515535
5952.738611,57.515535
5952.931111,57.515535
5953.075833,57.515535
5953.254444,57.515535
5953.431944,57.515535
5953.492778,57.515535
5953.6475,57.515535
5953.746111,57.515535
5953.864722,57.515535
5954.413333,57.515535
5954.526389,57.515535
5954.734722,57.515535
5954.915278,57.515535
5955.095556,57.515535
5955.249167,57.515535
5955.445833,57.515535
5955.588333,57.515535
5955.735556,57.515535
5955.876111,57.515535
5956.388889,57.515535
5956.541944,57.515535
5956.763611,57.515535
5956.954444,57.515535
5957.098333,57.515535
5957.249444,57.515535
5957.424444,57.515535
5957.589167,57.515535
5957.748889,57.515535
5957.877778,57.515535
5958.410833,57.515535
5958.575556,57.515535
5958.795,57.515535
5959.101389,57.515535
5959.260278,57.515535
5959.440278,57.515535
5959.591111,57.515535
5959.742222,57.515535
5959.875833,57.515535
5960.368056,57.515535
5960.540278,57.515535
5960.745556,57.515535
5960.931389,57.515535
5961.095,57.515535
5961.264167,57.515535
5961.436667,57.515535
5961.519722,57.515535
5961.740278,57.515535
5961.880833,57.515535
5962.376944,57.515535
5963.425,57.515535
5963.565833,57.515535
5963.745278,57.515535
5963.919444,57.515535
5964.43,57.515535
5964.665,57.515535
5964.821389,57.515535
5964.975556,57.515535
5965.205556,57.515535
5965.294722,57.515535
5965.483333,57.515535
5965.739167,57.515535
5965.878333,57.515535
5966.241667,57.515535
5966.310556,57.515535
5966.496111,57.515535
5966.739444,57.515535
5966.928889,57.515535
5967.0675,57.515535
5967.2375,57.515535
5967.428056,57.515535
5967.512222,57.515535
5967.738056,57.515535
5967.881389,57.515535
5968.248611,57.515535
5968.385,57.515535
5968.539444,57.515535
5968.793333,57.515535
5969.01,57.515535
5969.251667,57.515535
5969.431944,57.515535
5969.490556,57.515535
5969.728611,57.515535
5969.871944,57.515535
5970.371944,57.515535
5970.54,57.515535
5970.747222,57.515535
5970.942222,57.515535
5971.0925,57.515535
5971.25,57.515535
5971.423056,57.515535
5971.48,57.515535
5971.712778,57.515535
5971.9175,57.515535
5972.366389,57.515535
5972.506389,57.515535
5972.733889,57.515535
5972.931389,57.515535
5973.083611,57.515535
5973.279444,57.515535
5973.495833,57.515535
5973.747778,57.515535
5973.854722,57.515535
5974.3925,57.515535
5974.519444,57.515535
5974.744722,57.515535
5974.925833,57.515535
5974.985278,57.515535
5975.226111,57.515535
5975.415556,57.515535
5975.502222,57.515535
5975.746111,57.515535
5975.847778,57.515535
5976.398056,57.515535
5976.533056,57.515535
5976.765833,57.515535
5976.944167,57.515535
5976.999444,57.515535
5977.238889,57.515535
5977.423889,57.515535
5977.587222,57.515535
5977.7475,57.515535
5977.858333,57.515535
5978.405556,57.515535
5978.541111,57.515535
5978.758889,57.515535
5978.938611,57.515535
5979.086944,57.515535
5979.234167,57.515535
5979.413056,57.515535
5979.595,57.515535
5979.748889,57.515535
5979.866111,57.515535
5980.386111,57.515535
5980.526111,57.515535
5980.729444,57.515535
5980.914722,57.515535
5980.999444,57.515535
5981.236944,57.515535
5981.416111,57.515535
5981.499444,57.515535
5981.728333,57.515535
5981.868056,57.515535
5982.367778,57.515535
5982.491389,57.515535
5982.733056,57.515535
5982.924444,57.515535
5983.085556,57.515535
5983.270278,57.515535
5983.455278,57.515535
5983.511944,57.515535
5983.75,57.515535
5983.849167,57.515535
5984.375278,57.515535
5984.510556,57.515535
5984.758333,57.515535
5984.941389,57.515535
5985.001667,57.515535
5985.248333,57.515535
5985.433611,57.515535
5985.4975,57.515535
5985.736111,57.515535
5985.868889,57.515535
5986.354444,57.515535
5986.4975,57.515535
5986.721944,57.515535
5986.910278,57.515535
5987.009444,57.515535
5987.2575,57.515535
5987.442222,57.515535
5987.513333,57.515535
5987.736389,57.515535
5987.8775,57.515535
5988.408333,57.515535
5988.543333,57.515535
5988.781667,57.515535
5988.990833,57.515535
5989.231944,57.515535
5989.415833,57.515535
5989.503333,57.515535
5989.736389,57.515535
5989.891111,57.515535
5990.385833,57.515535
5990.507222,57.515535
5990.743333,57.515535
5990.928056,57.515535
5990.997222,57.515535
5991.230556,57.515535
5991.415556,57.515535
5991.501667,57.515535
5991.733333,57.515535
5991.8925,57.515535
5992.379167,57.515535
5992.506111,57.515535
5992.755278,57.515535
5992.932778,57.515535
5993.076389,57.515535
5993.255,57.515535
5993.446667,57.515535
5993.5,57.515535
5993.740833,57.515535
5993.875833,57.515535
5994.383056,60.419051
5994.518611,67.193922
5994.756111,66.226084
5994.951111,65.258245
5995.062778,64.290406
5995.248889,63.322568
5995.456944,62.354729
5995.571944,62.354729
5995.756389,61.38689
5995.8675,61.38689
5996.389444,61.38689
5996.496111,61.38689
5996.726944,61.38689
5996.917778,61.38689
5997.009444,61.38689
5997.236944,61.38689
5997.435556,61.38689
5997.516111,60.419051
5997.758889,60.419051
5997.860833,61.38689
5998.396667,60.419051
5998.539167,60.419051
5998.770556,60.419051
5998.953333,60.419051
5999.011389,60.419051
5999.246111,60.419051
5999.434167,60.419051
5999.508056,60.419051
5999.7475,60.419051
5999.854167,60.419051
6000.398611,60.419051
6000.535278,60.419051
6000.7725,60.419051
6000.965,60.419051
6001.075278,60.419051
6001.25,60.419051
6001.426667,60.419051
6001.486111,60.419051
6001.710556,60.419051
6001.901111,60.419051
6002.4,60.419051
6002.596111,60.419051
6002.784444,60.419051
6002.986111,60.419051
6003.225278,60.419051
6003.404722,60.419051
6003.497222,60.419051
6003.728611,60.419051
6003.865833,60.419051
6004.351111,59.451213
6004.503889,59.451213
6004.721667,59.451213
6004.921667,60.419051
6004.99,59.451213
6005.212778,60.419051
6005.400833,60.419051
6005.49,60.419051
6005.708333,60.419051
6005.8975,60.419051
6006.340278,60.419051
6006.526944,59.451213
6006.760833,59.451213
6006.945833,59.451213
6007.005556,59.451213
6007.245556,59.451213
6007.439167,59.451213
6007.506944,59.451213
6007.738056,59.451213
6007.883333,60.419051
6008.377222,59.451213
6008.505,59.451213
6008.734444,59.451213
6008.923056,60.419051
6009.069167,59.451213
6009.2425,59.451213
6009.431944,59.451213
6009.572778,60.419051
6009.759444,59.451213
6009.893056,60.419051
6010.432222,59.451213
6010.489444,59.451213
6010.716389,59.451213
6010.909722,59.451213
6011.092778,59.451213
6011.285,59.451213
6011.494444,59.451213
6011.730833,59.451213
6011.887222,59.451213
6012.405833,60.419051
6012.545556,59.451213
6012.7725,59.451213
6012.956667,59.451213
6013.009444,59.451213
6013.245833,59.451213
6013.440556,59.451213
6013.503889,59.451213
6013.728333,60.419051
6013.868056,60.419051
6014.367222,59.451213
6014.500556,59.451213
6014.739167,59.451213
6014.933056,59.451213
6014.998056,59.451213
6015.228889,59.451213
6015.408056,58.483374
6015.498056,59.451213
6015.725278,59.451213
6015.862222,59.451213
6016.365556,58.483374
6016.549444,59.451213
6016.759444,59.451213
6016.943056,59.451213
6017.082778,59.451213
6017.229444,59.451213
6017.369722,59.451213
6017.414167,59.451213
6017.584444,59.451213
6017.751667,58.483374
6017.864444,58.483374
6018.3925,58.483374
6018.566944,59.451213
6018.780556,59.451213
6019.083889,58.483374
6019.261111,59.451213
6019.373056,59.451213
6019.448056,59.451213
6019.583056,58.483374
6019.743889,59.451213
6019.858056,59.451213
6020.379722,59.451213
6020.484444,59.451213
6020.708333,58.483374
6020.901389,58.483374
6021.084167,59.451213
6021.286944,59.451213
6021.486944,58.483374
6021.745278,58.483374
6021.858056,59.451213
6022.405278,59.451213
6022.542778,59.451213
6022.7775,58.483374
6023.003889,58.483374
6023.237778,58.483374
6023.421944,58.483374
6023.506111,58.483374
6023.743889,59.451213
6023.868889,59.451213
6024.436667,58.483374
6024.515,59.451213
6024.7525,59.451213
6024.9425,58.483374
6025.011389,58.483374
6025.235278,58.483374
6025.44,58.483374
6025.521944,58.483374
6025.758333,58.483374
6025.870833,58.483374
6026.425,58.483374
6026.513889,58.483374
6026.785833,58.483374
6026.985,58.483374
6027.216111,58.483374
6027.405,58.483374
6027.581944,58.483374
6027.769722,58.483374
6027.863889,58.483374
6028.393611,58.483374
6028.526111,58.483374
6028.776667,58.483374
6028.968056,58.483374
6029.106667,58.483374
6029.2975,58.483374
6029.497222,58.483374
6029.725556,58.483374
6029.878889,58.483374
6030.36,58.483374
6030.487222,58.483374
6030.715278,58.483374
6030.893056,58.483374
6031.092222,58.483374
6031.291944,58.483374
6031.498056,58.483374
6031.730833,58.483374
6031.868333,58.483374
6032.355278,58.483374
6032.503056,58.483374
6032.733889,58.483374
6032.911389,58.483374
6032.995,58.483374
6033.235278,58.483374
6033.409167,58.483374
6033.515,58.483374
6033.772778,58.483374
6033.871944,58.483374
6034.400556,58.483374
6034.524444,58.483374
6034.748056,58.483374
6034.930833,58.483374
6034.988889,58.483374
6035.224722,57.515535
6035.403889,57.515535
6035.498889,57.515535
6035.731389,58.483374
6035.868333,58.483374
6036.372778,58.483374
6036.505556,58.483374
6036.739444,58.483374
6036.917222,58.483374
6037.000556,58.483374
6037.23,58.483374
6037.410833,57.515535
6037.495833,58.483374
6037.724722,57.515535
6037.866667,57.515535
6038.371111,57.515535
6038.550833,57.515535
6038.745,57.515535
6038.924722,58.483374
6039.077222,58.483374
6039.231111,58.483374
6039.409722,58.483374
6039.590833,58.483374
6039.746667,58.483374
6039.855278,58.483374
6040.378889,58.483374
6040.540278,58.483374
6040.74,58.483374
6040.916111,58.483374
6041.085,58.483374
6041.240833,58.483374
6041.428611,58.483374
6041.590278,58.483374
6041.747778,58.483374
6041.876389,58.483374
6042.387778,58.483374
6042.548333,58.483374
6042.740556,57.515535
6042.914444,58.483374
6043.085278,58.483374
6043.245833,58.483374
6043.425833,58.483374
6043.585278,57.515535
6043.742778,58.483374
6043.879444,58.483374
6044.401667,57.515535
6044.568056,58.483374
6044.776111,58.483374
6044.97,58.483374
6045.1075,58.483374
6045.262778,58.483374
6045.469722,58.483374
6045.6075,58.483374
6045.756111,57.515535
6045.854444,58.483374
6046.411944,58.483374
6046.638333,58.483374
6046.800278,58.483374
6047.091667,58.483374
6047.245278,58.483374
6047.430556,58.483374
6047.58,58.483374
6047.7275,57.515535
6047.872778,57.515535
6052.506111,57.515535
6052.740556,57.515535
6052.917778,57.515535
6053.081667,58.483374
6053.273611,58.483374
6053.456111,58.483374
6053.510278,58.483374
6053.748889,58.483374
6053.862778,57.515535
6054.156944,57.515535
6054.400278,57.515535
6054.529722,58.483374
6054.765556,58.483374
6054.944444,58.483374
6055.007778,57.515535
6055.245278,57.515535
6055.450833,57.515535
6055.516667,58.483374
6055.743056,57.515535
6055.856389,57.515535
6056.376667,57.515535
6056.510278,57.515535
6056.738611,57.515535
6056.925833,57.515535
6057.078056,58.483374
6072.351389,57.515535
6072.533889,57.515535
6072.740556,57.515535
6072.9275,57.515535
6073.121667,57.515535
6073.2825,57.515535
6073.565556,57.515535
6073.711389,58.483374
6073.891111,58.483374
6074.323889,57.515535
6074.492222,57.515535
6074.725,57.515535
6074.91,57.515535
6075.079167,57.515535
6075.253611,57.515535
6075.422222,57.515535
6075.578889,57.515535
6075.730556,57.515535
6075.873611,57.515535
6076.379167,57.515535
6076.514167,58.483374
6076.753889,57.515535
6076.928333,57.515535
6076.985556,57.515535
6077.222778,57.515535
6077.398889,57.515535
6077.591111,57.515535
6077.77,57.515535
6077.864444,57.515535
6078.403889,57.515535
6078.523333,57.515535
6078.720556,57.515535
6078.908056,57.515535
6079.078889,57.515535
6079.243889,57.515535
6079.420833,57.515535
6079.486111,58.483374
6079.704444,57.515535
6079.885833,57.515535
6080.334722,57.515535
6080.513889,57.515535
6080.756944,57.515535
6080.935,57.515535
6081.073611,57.515535
6081.232778,57.515535
6081.417778,57.515535
6081.510833,57.515535
6081.74,57.515535
6081.856667,57.515535
6082.395833,58.483374
6082.634444,57.515535
6082.786944,57.515535
6082.991389,57.515535
6083.241389,57.515535
6083.426389,57.515535
6083.489722,57.515535
6083.7225,57.515535
6083.857778,57.515535
6084.355,57.515535
6084.4975,57.515535
6084.735833,57.515535
6084.926111,57.515535
6085.013611,57.515535
6085.245833,57.515535
6085.437222,57.515535
6085.531389,57.515535
6085.728056,57.515535
6085.868333,57.515535
6086.3725,57.515535
6086.518889,57.515535
6086.750556,57.515535
6086.767222,57.515535
6086.9375,57.515535
6087.088611,57.515535
6087.260278,57.515535
6087.454722,57.515535
6087.516389,57.515535
6087.751111,57.515535
6087.864444,57.515535
6088.380278,57.515535
6088.514444,57.515535
6088.757778,57.515535
6088.775278,57.515535
6088.949444,57.515535
6089.074444,57.515535
6089.2525,57.515535
6089.456944,57.515535
6089.511111,57.515535
6089.746667,57.515535
6089.862778,57.515535
6090.394444,57.515535
6090.525278,57.515535
6090.755278,57.515535
6090.945833,57.515535
6091.006667,57.515535
6091.245,57.515535
6091.439722,57.515535
6091.497778,57.515535
6091.738889,57.515535
6091.885,57.515535
6092.376389,57.515535
6092.539167,57.515535
6092.775556,57.515535
6092.958889,57.515535
6093.091111,57.515535
6093.237778,57.515535
6093.420833,57.515535
6093.509444,57.515535
6093.744444,57.515535
6093.854167,57.515535
6094.360833,57.515535
6094.531944,57.515535
6094.740278,57.515535
6094.933056,57.515535
6095.109167,57.515535
6095.303611,57.515535
6095.503056,57.515535
6095.73,57.515535
6095.875278,57.515535
6096.394444,57.515535
6096.533333,57.515535
6096.761389,57.515535
6096.949444,57.515535
6097.002222,57.515535
6097.241944,57.515535
6097.423611,57.515535
6097.480556,57.515535
6097.711389,57.515535
6097.899444,57.515535
6098.330278,57.515535
6098.5175,57.515535
6098.752778,57.515535
6098.936667,57.515535
6098.995833,57.515535
6099.236667,57.515535
6099.428056,57.515535
6099.524167,57.515535
6099.743333,57.515535
6099.845833,57.515535
6100.368056,57.515535
6100.5,57.515535
6100.725833,57.515535
6100.919444,57.515535
6101.004167,57.515535
6101.247778,57.515535
6101.441944,57.515535
6101.505833,57.515535
6101.738889,57.515535
6101.873611,57.515535
6102.3925,57.515535
6102.521389,57.515535
6102.749722,57.515535
6102.929167,57.515535
6102.986389,57.515535
6103.2175,57.515535
6103.400556,57.515535
6103.593611,57.515535
6103.869722,57.515535
6104.262222,57.515535
6104.464167,57.515535
6104.518611,57.515535
6104.754722,57.515535
6104.945556,57.515535
6105.003611,57.515535
6105.2375,57.515535
6105.428056,57.515535
6105.515833,57.515535
6105.749722,57.515535
6105.875,57.515535
6106.376944,57.515535
6106.503889,57.515535
6106.741111,57.515535
6106.940278,57.515535
6107.085,57.515535
6107.268056,57.515535
6107.459444,57.515535
6107.513333,57.515535
6107.745556,57.515535
6107.860556,57.515535
6108.378611,57.515535
6108.508889,57.515535
6108.743611,57.515535
6108.940833,57.515535
6109.068611,57.515535
6109.261667,57.515535
6109.438333,57.515535
6109.492222,57.515535
6109.736389,57.515535
6109.878056,57.515535
6110.365833,57.515535
6110.514444,57.515535
6110.753056,57.515535
6110.932222,57.515535
6110.995,57.515535
6111.236667,57.515535
6111.435556,57.515535
6111.4925,57.515535
6111.740833,57.515535
6111.878889,57.515535
6112.3675,57.515535
6112.505,57.515535
6112.738333,57.515535
6112.928333,57.515535
6113.006389,57.515535
6113.241389,57.515535
6113.4275,57.515535
6113.493056,57.515535
6113.725278,57.515535
6113.866944,57.515535
6114.356667,57.515535
6114.496111,57.515535
6114.729722,57.515535
6114.916111,57.515535
6115.000833,57.515535
6115.235278,57.515535
6115.418333,57.515535
6115.5025,57.515535
6115.736389,57.515535
6115.859444,57.515535
6116.422778,57.515535
6116.502222,57.515535
6116.731111,57.515535
6116.918056,57.515535
6117.0675,57.515535
6117.248333,56.547697
6117.434722,57.515535
6117.491111,57.515535
6117.714722,57.515535
6117.894444,57.515535
6118.344444,57.515535
6118.527778,57.515535
6118.76,57.515535
6118.946944,56.547697
6119.004444,57.515535
6119.247222,57.515535
6119.431389,57.515535
6119.493056,57.515535
6119.729167,57.515535
6119.872778,57.515535
6120.396944,57.515535
6120.524167,57.515535
6120.773889,57.515535
6120.945278,57.515535
6121.083333,57.515535
6121.269167,57.515535
6121.455,57.515535
6121.503333,57.515535
6121.596111,57.515535
6121.741944,57.515535
6121.859722,57.515535
6122.374444,57.515535
6122.504722,57.515535
6122.7275,57.515535
6122.915556,57.515535
6122.996667,57.515535
6123.2325,57.515535
6123.427222,57.515535
6123.503333,57.515535
6123.568333,57.515535
6123.747222,57.515535
6123.869722,57.515535
6124.370556,57.515535
6124.505556,57.515535
6124.731111,57.515535
6124.913889,57.515535
6125.0025,57.515535
6125.233889,57.515535
6125.412222,57.515535
6125.499722,57.515535
6125.7625,57.515535
6125.8675,57.515535
6126.414444,57.515535
6126.526389,57.515535
6126.730833,57.515535
6126.909167,57.515535
6127.071944,57.515535
6127.230556,57.515535
6127.4125,57.515535
6127.496667,57.515535
6127.722222,57.515535
6127.860278,57.515535
6128.356111,57.515535
6128.496667,57.515535
6128.748889,57.515535
6128.925,57.515535
6128.991111,57.515535
6129.225,57.515535
6129.403889,57.515535
6129.493889,57.515535
6129.718333,57.515535
6129.874722,57.515535
6130.365556,56.547697
6130.513611,57.515535
6130.708611,57.515535
6130.890556,57.515535
6131.067222,57.515535
6131.244722,57.515535
6131.426389,57.515535
6131.49,57.515535
6131.721667,56.547697
6131.855833,57.515535
6132.343889,57.515535
6132.487778,57.515535
6132.734444,57.515535
6132.913889,57.515535
6132.985833,57.515535
6133.228333,57.515535
6133.413333,57.515535
6133.499444,57.515535
6133.731111,57.515535
6133.868333,57.515535
6134.36,57.515535
6134.508333,57.515535
6134.727222,57.515535
6134.915556,57.515535
6134.999167,57.515535
6135.248889,57.515535
6135.426667,56.547697
6135.503889,57.515535
6135.731944,56.547697
6135.874722,57.515535
6136.381389,57.515535
6136.505278,57.515535
6136.730278,57.515535
6136.914444,57.515535
6136.997778,57.515535
6137.226944,57.515535
6137.408611,57.515535
6137.499722,57.515535
6137.731111,57.515535
6137.875833,57.515535
6138.400833,57.515535
6138.577778,57.515535
6138.730833,57.515535
6138.909444,57.515535
6139.098611,57.515535
6139.251667,57.515535
6139.439444,56.547697
6139.4925,56.547697
6139.73,56.547697
6139.866389,57.515535
6140.371944,57.515535
6140.514722,57.515535
6140.766667,57.515535
6140.944444,57.515535
6141.0875,56.547697
6141.238333,57.515535
6141.429722,57.515535
6141.604167,57.515535
6141.873889,57.515535
6142.288056,57.515535
6142.499722,57.515535
6142.753889,57.515535
6142.943889,57.515535
6143.015,57.515535
6143.272222,57.515535
6143.465278,57.515535
6143.603889,57.515535
6143.756389,56.547697
6143.859444,56.547697
6148.7475,57.515535
6148.949722,57.515535
6149.006667,56.547697
6149.2575,57.515535
6149.453611,57.515535
6149.506389,57.515535
6149.769444,57.515535
6149.878333,57.515535
6150.441389,57.515535
6150.498333,57.515535
6150.737222,57.515535
6150.943611,57.515535
6151.005,57.515535
6151.240278,57.515535
6151.432222,57.515535
6151.489444,57.515535
6151.7325,57.515535
6151.872222,57.515535
6152.389167,57.515535
6152.543611,57.515535
6152.775,57.515535
6152.966389,57.515535
6153.085,57.515535
6153.273889,57.515535
6153.393611,57.515535
6153.453889,57.515535
6153.514444,57.515535
6153.615556,56.547697
6153.869444,57.515535
6154.248333,57.515535
6154.438056,57.515535
6154.538611,57.515535
6154.751667,57.515535
6154.9575,56.547697
6155.064167,56.547697
6155.250556,56.547697
6155.446667,56.547697
6155.506111,57.515535
6155.746667,56.547697
6156.368333,56.547697
6156.391389,57.515535
6156.519722,57.515535
6156.7475,57.515535
6156.948889,57.515535
6157.068889,57.515535
6157.258611,56.547697
6157.441667,56.547697
6157.513611,56.547697
6157.744444,57.515535
6157.855556,57.515535
6158.370556,57.515535
6158.388611,56.547697
6158.542778,56.547697
6158.785833,56.547697
6159.006944,57.515535
6159.246944,56.547697
6159.432778,56.547697
6159.506389,56.547697
6159.746389,57.515535
6159.858611,56.547697
6160.418333,56.547697
6160.5375,57.515535
6160.750833,57.515535
6160.938056,57.515535
6160.991944,57.515535
6161.241667,57.515535
6161.436667,57.515535
6161.496111,57.515535
6161.738056,57.515535
6161.865278,57.515535
6162.392222,56.547697
6162.540278,57.515535
6162.789167,57.515535
6163.008056,57.515535
6163.256389,57.515535
6163.4525,56.547697
6163.515278,56.547697
6163.768889,57.515535
6163.871667,56.547697
6164.441944,56.547697
6164.534167,56.547697
6164.785833,57.515535
6165.069167,57.515535
6165.259167,56.547697
6165.465,57.515535
6165.573889,56.547697
6165.765833,57.515535
6165.881389,57.515535
6166.4275,57.515535
6166.536389,56.547697
6166.802222,56.547697
6167.106667,57.515535
6167.300833,57.515535
6167.593611,56.547697
6167.871667,56.547697
6168.249167,57.515535
6168.442778,57.515535
6168.5,57.515535
6168.753889,56.547697
6168.960833,56.547697
6169.086111,56.547697
6169.292222,56.547697
6169.637778,57.515535
6169.860833,57.515535
6170.255833,56.547697
6170.442778,57.515535
6170.530556,57.515535
6170.745556,57.515535
6170.936944,57.515535
6171.099722,57.515535
6171.258611,57.515535
6171.455556,57.515535
6171.519167,56.547697
6171.755278,57.515535
6171.904444,56.547697
6172.454167,56.547697
6172.507778,56.547697
6172.759444,56.547697
6172.965,56.547697
6173.082778,57.515535
6173.273056,56.547697
6173.454444,56.547697
6173.511111,56.547697
6173.752778,56.547697
6173.860278,57.515535
6174.405,56.547697
6174.488611,57.515535
6174.747778,57.515535
6174.9425,57.515535
6174.996111,56.547697
6175.243889,56.547697
6175.438889,56.547697
6175.497222,56.547697
6175.738333,57.515535
6175.88,57.515535
6176.383056,56.547697
6176.554167,56.547697
6176.776111,56.547697
6176.967222,57.515535
6177.138611,57.515535
6177.304167,56.547697
6177.6,56.547697
6177.7525,56.547697
6177.851944,56.547697
6178.408056,57.515535
6178.629444,57.515535
6178.780833,57.515535
6179.001667,56.547697
6179.250833,56.547697
6179.438611,56.547697
6179.493889,56.547697
6179.758333,57.515535
6179.869722,57.515535
6180.405278,56.547697
6180.534167,57.515535
6180.771389,57.515535
6180.956389,57.515535
6181.065,57.515535
6181.251111,56.547697
6181.430833,56.547697
6181.483889,57.515535
6181.716389,57.515535
6181.904167,56.547697
6182.3825,57.515535
6182.523056,57.515535
6182.76,57.515535
6182.939722,56.547697
6182.996667,57.515535
6183.246389,56.547697
6183.449444,56.547697
6183.508889,56.547697
6183.750556,57.515535
6183.86,57.515535
6184.410833,56.547697
6184.550278,57.515535
6184.785278,56.547697
6184.993333,56.547697
6185.256667,57.515535
6185.465,57.515535
6185.524444,57.515535
6185.750278,57.515535
6185.8575,57.515535
6186.401111,57.515535
6186.485278,57.515535
6186.733889,57.515535
6186.926944,56.547697
6187.0775,56.547697
6187.266111,56.547697
6187.461667,57.515535
6187.571944,57.515535
6187.765278,57.515535
6187.864444,57.515535
6188.408889,56.547697
6188.497778,56.547697
6188.753889,57.515535
6188.959444,57.515535
6189.070556,57.515535
6189.25,56.547697
6189.29,56.547697
6189.505,56.547697
6189.764444,56.547697
6189.879444,56.547697
6190.236667,56.547697
6190.279444,56.547697
6190.503056,57.515535
6190.734722,57.515535
6190.914722,57.515535
6190.934167,57.515535
6191.076667,57.515535
6191.264167,57.515535
6191.465556,57.515535
6191.518333,56.547697
6191.775,56.547697
6191.878333,56.547697
6192.425556,57.515535
6192.452778,56.547697
6192.563333,57.515535
6192.822222,57.515535
6192.915556,57.515535
6196.394722,57.515535
6196.522778,57.515535
6196.770556,57.515535
6196.955833,57.515535
6197.009444,57.515535
6197.258889,57.515535
6197.459167,57.515535
6197.513611,57.515535
6197.754167,57.515535
6197.854167,57.515535
6198.379167,56.547697
6198.59,56.547697
6198.755556,56.547697
6198.938889,56.547697
6199.078056,56.547697
6199.141667,56.547697
6199.405556,56.547697
6199.654722,56.547697
6199.907222,56.547697
6200.308611,56.547697
6200.468056,56.547697
6200.708889,56.547697
6200.806111,56.547697
6200.991667,56.547697
6201.260833,56.547697
6201.3175,56.547697
6201.501667,56.547697
6201.738333,57.515535
6201.864444,57.515535
6202.258333,56.547697
6202.441111,56.547697
6202.679722,56.547697
6202.819167,57.515535
6203.088333,57.515535
6203.250833,56.547697
6203.445,57.515535
6203.504722,57.515535
6203.745556,56.547697
6203.855278,56.547697
6204.384722,56.547697
6204.514444,56.547697
6204.756944,57.515535
6204.940833,56.547697
6204.993611,56.547697
6205.229167,57.515535
6205.414722,57.515535
6205.500556,57.515535
6205.735278,57.515535
6205.898056,57.515535
6206.3975,57.515535
6206.527778,56.547697
6206.761944,56.547697
6206.9575,56.547697
6207.080833,56.547697
6207.282778,56.547697
6207.505278,57.515535
6207.745,56.547697
6207.904722,56.547697
6208.455,56.547697
6208.518056,56.547697
6208.768889,56.547697
6208.964167,57.515535
6209.081389,57.515535
6209.275,56.547697
6209.473333,56.547697
6209.585278,56.547697
6209.77,56.547697
6209.869444,56.547697
6210.415833,56.547697
6210.544444,56.547697
6210.8975,56.547697
6211.159444,56.547697
6211.323611,56.547697
6211.505556,56.547697
6211.736389,56.547697
6211.865556,56.547697
6212.248889,56.547697
6212.445,57.515535
6212.683889,56.547697
6212.816944,56.547697
6213.005278,56.547697
6213.248611,56.547697
6213.3025,56.547697
6213.494444,57.515535
6213.75,57.515535
6213.865556,57.515535
6214.446944,56.547697
6214.684444,57.515535
6214.827778,57.515535
6215.086111,56.547697
6215.238333,56.547697
6215.427778,56.547697
6215.593056,56.547697
6215.749722,56.547697
6215.865833,56.547697
6216.387222,57.515535
6216.595278,57.515535
6216.7525,57.515535
6216.942222,57.515535
6217.071111,57.515535
6217.224444,56.547697
6217.408611,56.547697
6217.570833,56.547697
6217.74,56.547697
6217.8625,56.547697
6218.381111,56.547697
6218.5125,56.547697
6218.749722,56.547697
6218.941667,57.515535
6219.003611,57.515535
6219.237222,57.515535
6219.427778,57.515535
6219.511389,57.515535
6219.740833,56.547697
6219.882778,56.547697
6220.379167,56.547697
6220.533611,57.515535
6220.7725,57.515535
6220.956944,57.515535
6221.065,57.515535
6221.244722,57.515535
6221.432778,56.547697
6221.493056,56.547697
6221.719722,56.547697
6221.860278,56.547697
6222.341667,56.547697
6222.511389,56.547697
6222.746111,57.515535
6222.9575,56.547697
6223.068333,56.547697
6223.257778,57.515535
6223.446667,57.515535
6223.499444,57.515535
6223.738611,56.547697
6223.877222,56.547697
6224.387222,57.515535
6224.514444,57.515535
6224.749444,57.515535
6224.945556,56.547697
6225.009444,56.547697
6225.247222,57.515535
6225.429167,56.547697
6225.463889,56.547697
6225.505,56.547697
6225.746389,56.547697
6225.854167,57.515535
6226.395,57.515535
6226.529444,56.547697
6226.760278,57.515535
6226.959722,57.515535
6227.065,57.515535
6227.2775,57.515535
6227.471389,57.515535
6227.498333,57.515535
6227.751389,56.547697
6227.87,56.547697
6228.414444,56.547697
6228.523056,56.547697
6228.722778,56.547697
6228.903611,56.547697
6229.121667,57.515535
6229.280556,57.515535
6229.533611,56.547697
6229.730278,56.547697
6229.860278,57.515535
6230.378333,56.547697
6230.552222,56.547697
6230.757222,57.515535
6230.9425,57.515535
6231.075,56.547697
6231.234444,56.547697
6231.4425,56.547697
6231.495278,57.515535
6231.734167,56.547697
6232.381667,56.547697
6232.512222,56.547697
6232.734444,56.547697
6232.921389,56.547697
6233.065833,56.547697
6233.250556,57.515535
6233.443611,57.515535
6233.496944,57.515535
6233.725833,57.515535
6235.133611,56.547697
6235.704722,57.515535
6235.9175,57.515535
6236.435556,57.515535
6236.705833,56.547697
6236.869444,56.547697
6237.134722,56.547697
6237.371667,56.547697
6237.5925,57.515535
6237.876667,57.515535
6238.29,56.547697
6238.487222,56.547697
6238.7125,57.515535
6238.897222,56.547697
6239.116667,56.547697
6239.274167,56.547697
6239.464444,57.515535
6239.518611,57.515535
6239.748889,57.515535
6239.853889,57.515535
6240.382222,57.515535
6240.614167,56.547697
6240.766389,56.547697
6240.944722,56.547697
6241.083056,56.547697
6241.228056,56.547697
6241.412778,56.547697
6241.53,56.547697
6241.735556,56.547697
6241.875,56.547697
6242.381111,56.547697
6242.547778,56.547697
6242.739722,56.547697
6242.923889,56.547697
6243.079167,56.547697
6243.250833,56.547697
6243.436389,57.515535
6243.517778,57.515535
6243.718611,56.547697
6243.900556,56.547697
6244.331944,57.515535
6244.583056,57.515535
6244.728333,57.515535
6244.906667,57.515535
6245.082222,57.515535
6245.251944,57.515535
6245.452778,57.515535
6245.584444,57.515535
6245.745,57.515535
6245.869444,56.547697
6246.3725,56.547697
6246.514444,57.515535
6246.7475,56.547697
6246.935556,56.547697
6246.993333,56.547697
6247.228333,56.547697
6247.419167,56.547697
6247.513889,56.547697
6247.748056,56.547697
6247.851389,56.547697
6248.416111,56.547697
6248.502778,57.515535
6248.73,56.547697
6248.925833,56.547697
6249.067778,56.547697
6249.276944,56.547697
6249.459444,56.547697
6249.513333,56.547697
6249.744167,57.515535
6249.850278,56.547697
6250.380833,56.547697
6250.5425,56.547697
6250.748056,57.515535
6250.939444,56.547697
6251.078889,56.547697
6251.234444,56.547697
6251.408611,56.547697
6251.608889,57.515535
6251.768056,57.515535
6251.871667,56.547697
6252.412778,57.515535
6252.501667,57.515535
6252.728056,57.515535
6252.914722,57.515535
6253.004167,57.515535
6253.234167,57.515535
6253.421389,56.547697
6253.51,56.547697
6253.746389,56.547697
6253.851667,57.515535
6254.388056,57.515535
6254.521389,57.515535
6254.757778,56.547697
6254.942222,56.547697
6254.996667,56.547697
6255.233889,56.547697
6255.4125,56.547697
6255.526944,56.547697
6255.725556,57.515535
6255.866944,57.515535
6256.364722,56.547697
6256.508889,57.515535
6256.739167,56.547697
6256.925833,56.547697
6257.064722,56.547697
6257.216389,56.547697
6257.406111,56.547697
6257.489722,56.547697
6257.726111,57.515535
6257.863889,57.515535
6258.374444,56.547697
6258.514444,56.547697
6258.750556,56.547697
6258.9425,56.547697
6259.004444,56.547697
6259.231667,56.547697
6259.411111,57.515535
6259.506111,57.515535
6259.739167,57.515535
6259.879444,57.515535
6260.374722,56.547697
6260.503611,57.515535
6260.730278,56.547697
6260.920278,56.547697
6261.004722,57.515535
6261.252222,57.515535
6261.440278,57.515535
6261.502778,57.515535
6261.723889,56.547697
6261.863611,57.515535
6262.367222,57.515535
6262.533056,56.547697
6262.7275,56.547697
6262.921667,57.515535
6263.008889,57.515535
6263.241111,57.515535
6263.436389,57.515535
6263.513056,57.515535
6263.748056,56.547697
6263.8525,56.547697
6264.391111,56.547697
6264.528056,56.547697
6264.755556,56.547697
6264.939167,57.515535
6264.993333,57.515535
6265.221944,57.515535
6265.408333,56.547697
6265.498333,56.547697
6265.727778,56.547697
6265.873889,57.515535
6266.394444,56.547697
6266.523056,56.547697
6266.746667,56.547697
6266.936667,56.547697
6267.0,56.547697
6267.235,56.547697
6267.414167,56.547697
6267.585,56.547697
6267.743333,56.547697
6267.8825,56.547697
6268.376111,56.547697
6268.499167,56.547697
6268.739722,56.547697
6268.928611,56.547697
6269.055556,57.515535
6269.244444,56.547697
6269.440833,56.547697
6269.503611,56.547697
6269.725833,56.547697
6269.867222,57.515535
6270.372222,56.547697
6270.516389,56.547697
6270.763333,56.547697
6270.944722,56.547697
6271.074444,56.547697
6271.253056,56.547697
6271.441389,56.547697
6271.494167,56.547697
6271.716667,56.547697
6271.902222,56.547697
6272.331389,56.547697
6272.545,57.515535
6272.745278,57.515535
6272.926944,56.547697
6272.984167,57.515535
6273.211944,57.515535
6273.400278,57.515535
6273.590278,56.547697
6273.766667,56.547697
6273.878333,56.547697
6274.396111,56.547697
6274.5225,56.547697
6274.759167,56.547697
6274.945556,57.515535
6275.004722,57.515535
6275.223056,57.515535
6275.447222,56.547697
6275.582778,56.547697
6275.771389,57.515535
6275.870278,56.547697
6276.408889,56.547697
6276.499722,56.547697
6276.717778,56.547697
6276.906944,56.547697
6276.996944,56.547697
6277.223889,56.547697
6277.417778,57.515535
6277.515,57.515535
6277.726389,57.515535
6277.863056,56.547697
6278.378611,56.547697
6278.516667,56.547697
6278.741944,57.515535
6279.223056,56.547697
6279.412222,56.547697
6279.504167,56.547697
6279.728056,56.547697
6279.9025,57.515535
6280.421389,57.515535
6280.501667,57.515535
6280.750556,57.515535
6280.935,57.515535
6280.9925,57.515535
6281.222222,57.515535
6281.412778,57.515535
6281.504444,56.547697
6281.723056,56.547697
6281.861667,57.515535
6282.355278,57.515535
6282.505278,56.547697
6282.734444,56.547697
6282.924722,57.515535
6283.066111,57.515535
6283.255833,57.515535
6283.445278,57.515535
6283.502222,57.515535
6283.729444,56.547697
6283.878333,56.547697
6284.381944,57.515535
6284.548333,57.515535
6284.750278,56.547697
6284.933056,57.515535
6284.986944,57.515535
6285.238056,56.547697
6285.421944,57.515535
6285.510833,56.547697
6285.646944,56.547697
6285.738056,56.547697
6285.875833,56.547697
6286.374167,57.515535
6286.506667,56.547697
6286.733889,56.547697
6286.919444,56.547697
6287.006389,56.547697
6287.248611,56.547697
6287.427222,57.515535
6287.485278,57.515535
6287.659444,57.515535
6287.735,57.515535
6287.869444,57.515535
6288.368333,57.515535
6288.5075,57.515535
6288.729722,57.515535
6288.925278,57.515535
6289.058611,57.515535
6289.246667,57.515535
6289.431944,57.515535
6289.49,57.515535
6289.715556,57.515535
6289.897778,57.515535
6290.352778,57.515535
6290.506944,57.515535
6290.724722,57.515535
6290.916389,57.515535
6291.010833,57.515535
6291.253056,57.515535
6291.440278,57.515535
6291.495833,57.515535
6291.735556,57.515535
6291.874722,57.515535
6292.374722,57.515535
6292.533889,57.515535
6292.728611,57.515535
6292.919444,57.515535
6293.0025,56.547697
6293.241111,57.515535
6293.428889,57.515535
6293.514444,57.515535
6293.7525,57.515535
6293.848333,56.547697
6294.398611,57.515535
6294.523889,57.515535
6294.775278,57.515535
6294.948889,56.547697
6295.005833,56.547697
6295.229167,57.515535
6295.425833,56.547697
6295.501111,56.547697
6295.728889,56.547697
6295.875556,56.547697
6296.359444,56.547697
6296.430833,57.515535
6296.724722,57.515535
6296.879167,56.547697
6297.087778,56.547697
6297.273333,56.547697
6297.4475,57.515535
6297.505278,57.515535
6297.735278,56.547697
6297.966667,56.547697
6298.361111,57.515535
6298.488889,56.547697
6298.715,57.515535
6298.897222,56.547697
6299.108056,56.547697
6299.2525,56.547697
6299.440278,56.547697
6299.5225,56.547697
6299.734167,56.547697
6299.867778,57.515535
6299.975278,57.515535
6300.361111,56.547697
6300.491667,56.547697
6300.721389,57.515535
6300.901667,57.515535
6301.119167,57.515535
6301.267222,57.515535
6301.441111,56.547697
6301.528333,57.515535
6301.737778,56.547697
6301.8875,56.547697
6302.571667,57.515535
6302.816389,56.547697
6302.964167,56.547697
6303.206944,56.547697
6303.327222,56.547697
6303.478889,56.547697
6303.703333,57.515535
6303.869167,57.515535
6304.273333,57.515535
6304.421944,57.515535
6304.657222,57.515535
6304.816667,57.515535
6304.964722,57.515535
6305.194444,57.515535
6305.316944,57.515535
6305.466111,56.547697
6305.7025,57.515535
6305.873889,56.547697
6306.269444,56.547697
6306.431111,56.547697
6306.674444,56.547697
6306.829444,56.547697
6306.975556,57.515535
6307.206111,57.515535
6307.2925,57.515535
6307.446111,57.515535
6307.67,56.547697
6307.871111,56.547697
6308.310556,56.547697
6308.463333,56.547697
6308.711667,57.515535
6308.831944,57.515535
6308.998611,57.515535
6309.231667,57.515535
6309.320833,57.515535
6309.479722,56.547697
6309.710833,56.547697
6309.88,56.547697
6310.273056,56.547697
6310.426667,57.515535
6310.661389,57.515535
6310.822222,57.515535
6310.977222,57.515535
6311.205278,57.515535
6311.294444,57.515535
6311.463611,56.547697
6311.7,56.547697
6311.866667,56.547697
6312.254167,56.547697
6312.400556,57.515535
6312.625278,57.515535
6312.833333,57.515535
6312.986111,57.515535
6313.220556,57.515535
6313.307222,57.515535
6313.471667,57.515535
6313.718333,57.515535
6313.863056,57.515535
6314.2675,56.547697
6314.456389,56.547697
6314.681667,57.515535
6314.843611,57.515535
6314.998333,56.547697
6315.236667,57.515535
6315.326389,57.515535
6315.482778,57.515535
6315.714167,57.515535
6315.879722,56.547697
6316.306389,56.547697
6316.473611,56.547697
6316.708056,56.547697
6316.834722,56.547697
6316.993333,56.547697
6317.231667,56.547697
6317.321111,56.547697
6317.465833,56.547697
6317.690556,57.515535
6317.869167,57.515535
6318.295556,57.515535
6318.445278,57.515535
6318.696111,57.515535
6318.867222,57.515535
6319.059722,57.515535
6319.304444,57.515535
6319.455278,57.515535
6319.686111,56.547697
6319.86,57.515535
6320.256944,56.547697
6320.405278,56.547697
6320.626667,56.547697
6320.829444,57.515535
6320.991667,57.515535
6321.252222,56.547697
6321.334444,56.547697
6321.480556,57.515535
6321.719444,56.547697
6321.856111,57.515535
6322.29,56.547697
6322.436111,56.547697
6322.683611,56.547697
6322.810278,56.547697
6323.077778,57.515535
6323.231667,57.515535
6323.427222,57.515535
6323.581111,57.515535
6323.774167,56.547697
6323.881389,56.547697
6324.403333,57.515535
6324.548611,57.515535
6324.775,56.547697
6324.983056,57.515535
6325.087778,56.547697
6325.269722,56.547697
6325.463056,56.547697
6325.563889,57.515535
6325.7525,57.515535
6325.856389,57.515535
6326.417778,56.547697
6326.498611,56.547697
6326.721389,56.547697
6326.903056,57.515535
6327.0,57.515535
6327.225,57.515535
6327.414167,56.547697
6327.507222,57.515535
6327.721111,57.515535
6327.888056,57.515535
6328.3275,57.515535
6328.496667,56.547697
6328.713889,56.547697
6328.881944,56.547697
6329.009722,56.547697
6329.265,57.515535
6329.438611,57.515535
6329.503889,57.515535
6329.724722,57.515535
6329.899444,57.515535
6330.306111,57.515535
6330.392222,56.547697
6330.594167,57.515535
6330.761389,57.515535
6330.936667,57.515535
6331.000278,57.515535
6331.237778,57.515535
6331.42,57.515535
6331.509444,57.515535
6331.7375,56.547697
6331.877778,56.547697
6332.310833,56.547697
6332.354444,57.515535
6332.498611,57.515535
6332.736944,57.515535
6332.923333,57.515535
6332.988611,57.515535
6333.245278,57.515535
6333.4225,56.547697
6333.514444,56.547697
6333.710833,57.515535
6333.860833,57.515535
6334.358611,56.547697
6334.506389,56.547697
6334.740278,56.547697
6334.924167,57.515535
6335.008333,57.515535
6335.246667,57.515535
6335.423056,56.547697
6335.502778,56.547697
6335.738611,56.547697
6335.883056,56.547697
